[[[[[[[[ 2.12501591e-01 -8.33466019e-14 -3.03896708e-17]
       [-2.12501591e-01  9.70232931e-14  3.03896708e-17]]

      [[-8.80858098e-14  7.08338637e-02  1.96441451e-17]
       [-5.41192742e-14 -7.08338637e-02 -1.96441378e-17]]

      [[-3.03821802e-17  1.95327487e-17 -5.97329530e-01]
       [ 3.03755333e-17 -1.95837124e-17  5.97329530e-01]]]


     [[[-2.12501591e-01  2.68202817e-14  3.03896708e-17]
       [ 2.12501591e-01 -1.12607863e-13 -3.03896708e-17]]

      [[ 9.28973041e-14 -7.08338637e-02 -1.96441367e-17]
       [-1.65674858e-14  7.08338637e-02  1.96441321e-17]]

      [[ 3.03953101e-17 -1.96556917e-17  5.97329530e-01]
       [-3.03898506e-17  1.96278374e-17 -5.97329530e-01]]]]



    [[[[-5.35812042e-14  7.08338441e-02  1.96441120e-17]
       [-3.14838133e-14 -7.08338464e-02 -1.96441409e-17]]

      [[ 7.08338487e-02 -1.10487166e-14 -1.01142824e-17]
       [-7.08338806e-02  5.35812217e-14  1.01142302e-17]]

      [[ 7.16073413e-15 -5.49583165e-15  1.78531006e-13]
       [-4.58702521e-15 -3.80815411e-15 -9.68393981e-14]]]


     [[[ 1.87697740e-14 -7.08338546e-02 -1.96441174e-17]
       [ 2.05124105e-14  7.08338374e-02  1.96441392e-17]]

      [[-7.08338418e-02  6.13023034e-14  1.01142923e-17]
       [ 7.08338558e-02  2.11889328e-14 -1.01142400e-17]]

      [[-3.51946665e-16 -6.46645498e-15 -5.17540227e-14]
       [ 1.34880245e-15  8.95559103e-15  9.30199703e-14]]]]



    [[[[-3.03896708e-17  1.96441369e-17 -5.97329530e-01]
       [ 3.03896708e-17 -1.96441458e-17  5.97329530e-01]]

      [[ 1.96441198e-17 -1.01142777e-17  9.10546525e-14]
       [-1.96441291e-17  1.01142830e-17  2.23687408e-15]]

      [[-5.97329530e-01  2.70477087e-14  3.98194666e-17]
       [ 5.97329530e-01 -2.70477071e-14 -3.98194666e-17]]]


     [[[ 3.03896708e-17 -1.96441384e-17  5.97329530e-01]
       [-3.03896708e-17  1.96441494e-17 -5.97329530e-01]]

      [[-1.96441199e-17  1.01142845e-17 -9.10546529e-14]
       [ 1.96441305e-17 -1.01142703e-17 -2.23686847e-15]]

      [[ 5.97329530e-01  4.31879421e-16 -3.98194666e-17]
       [-5.97329530e-01 -4.31875586e-16  3.98194666e-17]]]]]




   [[[[[-2.12501591e-01  8.33466019e-14  3.03896708e-17]
       [ 2.12501591e-01 -9.70232931e-14 -3.03896708e-17]]

      [[ 8.80858098e-14 -7.08338637e-02 -1.96441464e-17]
       [ 5.41192742e-14  7.08338637e-02  1.96441461e-17]]

      [[ 3.03821802e-17 -1.95327525e-17  5.97329530e-01]
       [-3.03755333e-17  1.95837097e-17 -5.97329530e-01]]]


     [[[ 2.12501591e-01 -2.68202817e-14 -3.03896708e-17]
       [-2.12501591e-01  1.12607863e-13  3.03896708e-17]]

      [[-9.28973041e-14  7.08338637e-02  1.96441482e-17]
       [ 1.65674858e-14 -7.08338637e-02 -1.96441389e-17]]

      [[-3.03953101e-17  1.96557051e-17 -5.97329530e-01]
       [ 3.03898506e-17 -1.96278421e-17  5.97329530e-01]]]]



    [[[[ 5.35812042e-14 -7.08338441e-02 -1.96441117e-17]
       [ 3.14838132e-14  7.08338464e-02  1.96441375e-17]]

      [[-7.08338487e-02  1.10487170e-14  1.01142897e-17]
       [ 7.08338806e-02 -5.35812217e-14 -1.01142755e-17]]

      [[-7.16073413e-15  5.49583165e-15 -1.78531012e-13]
       [ 4.58702522e-15  3.80815413e-15  9.68394157e-14]]]


     [[[-1.87697740e-14  7.08338546e-02  1.96441316e-17]
       [-2.05124105e-14 -7.08338374e-02 -1.96441558e-17]]

      [[ 7.08338418e-02 -6.13023034e-14 -1.01142814e-17]
       [-7.08338558e-02 -2.11889328e-14  1.01142696e-17]]

      [[ 3.51946678e-16  6.46645495e-15  5.17540234e-14]
       [-1.34880246e-15 -8.95559103e-15 -9.30199674e-14]]]]



    [[[[ 3.03896708e-17 -1.96441194e-17  5.97329530e-01]
       [-3.03896708e-17  1.96441351e-17 -5.97329530e-01]]

      [[-1.96441027e-17  1.01142325e-17 -9.10546542e-14]
       [ 1.96441043e-17 -1.01142518e-17 -2.23687333e-15]]

      [[ 5.97329530e-01 -2.70477110e-14 -3.98194666e-17]
       [-5.97329530e-01  2.70477131e-14  3.98194666e-17]]]


     [[[-3.03896708e-17  1.96441213e-17 -5.97329530e-01]
       [ 3.03896708e-17 -1.96441404e-17  5.97329530e-01]]

      [[ 1.96441087e-17 -1.01142492e-17  9.10546541e-14]
       [-1.96441289e-17  1.01142705e-17  2.23686773e-15]]

      [[-5.97329530e-01 -4.31873017e-16  3.98194666e-17]
       [ 5.97329530e-01  4.31875008e-16 -3.98194666e-17]]]]]]





  [[[[[[-5.35812041e-14  7.08338441e-02  1.96441093e-17]
       [-3.14838133e-14 -7.08338464e-02 -1.96441351e-17]]

      [[ 7.08338487e-02 -1.10487168e-14 -1.01142765e-17]
       [-7.08338806e-02  5.35812218e-14  1.01142611e-17]]

      [[ 7.16073412e-15 -5.49583162e-15  1.78531012e-13]
       [-4.58702522e-15 -3.80815411e-15 -9.68394303e-14]]]


     [[[ 1.87697740e-14 -7.08338546e-02 -1.96441264e-17]
       [ 2.05124105e-14  7.08338374e-02  1.96441520e-17]]

      [[-7.08338418e-02  6.13023034e-14  1.01142864e-17]
       [ 7.08338558e-02  2.11889326e-14 -1.01142684e-17]]

      [[-3.51946666e-16 -6.46645496e-15 -5.17540258e-14]
       [ 1.34880245e-15  8.95559103e-15  9.30200063e-14]]]]



    [[[[ 7.08338637e-02  8.31919789e-14 -1.01142621e-17]
       [-7.08338637e-02 -9.68686701e-14  1.01142663e-17]]

      [[ 8.79311866e-14  2.12501591e-01  5.89326271e-17]
       [ 5.42738973e-14 -2.12501591e-01 -5.89326271e-17]]

      [[-1.01217484e-17  5.90440157e-17 -5.97329530e-01]
       [ 1.01283820e-17 -5.89930601e-17  5.97329530e-01]]]


     [[[-7.08338637e-02 -2.66656587e-14  1.01142448e-17]
       [ 7.08338637e-02  1.12453240e-13 -1.01142443e-17]]

      [[-9.27426811e-14 -2.12501591e-01 -5.89326271e-17]
       [ 1.64128626e-14  2.12501591e-01  5.89326271e-17]]

      [[ 1.01086183e-17 -5.89210675e-17  5.97329530e-01]
       [-1.01140756e-17  5.89489199e-17 -5.97329530e-01]]]]



    [[[[ 1.96440921e-17 -1.01142712e-17  9.10546585e-14]
       [-1.96441096e-17  1.01142873e-17  2.23688258e-15]]

      [[-1.01142768e-17  5.89326271e-17 -5.97329530e-01]
       [ 1.01142754e-17 -5.89326271e-17  5.97329530e-01]]

      [[ 2.70477153e-14 -5.97329530e-01 -4.64108909e-17]
       [-2.70477159e-14  5.97329530e-01  4.64108910e-17]]]


     [[[-1.96440985e-17  1.01142717e-17 -9.10546573e-14]
       [ 1.96441143e-17 -1.01142791e-17 -2.23688613e-15]]

      [[ 1.01142872e-17 -5.89326271e-17  5.97329530e-01]
       [-1.01142673e-17  5.89326271e-17 -5.97329530e-01]]

      [[ 4.31890648e-16  5.97329530e-01  4.64108909e-17]
       [-4.31882318e-16 -5.97329530e-01 -4.64108910e-17]]]]]




   [[[[[ 5.35812042e-14 -7.08338441e-02 -1.96441125e-17]
       [ 3.14838133e-14  7.08338464e-02  1.96441342e-17]]

      [[-7.08338487e-02  1.10487166e-14  1.01142939e-17]
       [ 7.08338806e-02 -5.35812217e-14 -1.01142836e-17]]

      [[-7.16073412e-15  5.49583165e-15 -1.78531011e-13]
       [ 4.58702522e-15  3.80815411e-15  9.68394215e-14]]]


     [[[-1.87697740e-14  7.08338546e-02  1.96441256e-17]
       [-2.05124105e-14 -7.08338374e-02 -1.96441486e-17]]

      [[ 7.08338418e-02 -6.13023034e-14 -1.01142948e-17]
       [-7.08338558e-02 -2.11889327e-14  1.01142779e-17]]

      [[ 3.51946668e-16  6.46645493e-15  5.17540222e-14]
       [-1.34880245e-15 -8.95559102e-15 -9.30199788e-14]]]]



    [[[[-7.08338637e-02 -8.31919788e-14  1.01142612e-17]
       [ 7.08338637e-02  9.68686700e-14 -1.01142483e-17]]

      [[-8.79311865e-14 -2.12501591e-01 -5.89326271e-17]
       [-5.42738974e-14  2.12501591e-01  5.89326271e-17]]

      [[ 1.01217559e-17 -5.90440157e-17  5.97329530e-01]
       [-1.01283850e-17  5.89930601e-17 -5.97329530e-01]]]


     [[[ 7.08338637e-02  2.66656587e-14 -1.01142514e-17]
       [-7.08338637e-02 -1.12453240e-13  1.01142588e-17]]

      [[ 9.27426809e-14  2.12501591e-01  5.89326271e-17]
       [-1.64128625e-14 -2.12501591e-01 -5.89326271e-17]]

      [[-1.01086176e-17  5.89210675e-17 -5.97329530e-01]
       [ 1.01140693e-17 -5.89489199e-17  5.97329530e-01]]]]



    [[[[-1.96440892e-17  1.01142426e-17 -9.10546568e-14]
       [ 1.96441056e-17 -1.01142690e-17 -2.23688254e-15]]

      [[ 1.01142372e-17 -5.89326271e-17  5.97329530e-01]
       [-1.01142495e-17  5.89326271e-17 -5.97329530e-01]]

      [[-2.70477099e-14  5.97329530e-01  4.64108909e-17]
       [ 2.70477152e-14 -5.97329530e-01 -4.64108909e-17]]]


     [[[ 1.96440917e-17 -1.01142460e-17  9.10546601e-14]
       [-1.96441050e-17  1.01142684e-17  2.23688461e-15]]

      [[-1.01142648e-17  5.89326271e-17 -5.97329530e-01]
       [ 1.01142759e-17 -5.89326271e-17  5.97329530e-01]]

      [[-4.31884832e-16 -5.97329530e-01 -4.64108910e-17]
       [ 4.31887546e-16  5.97329530e-01  4.64108909e-17]]]]]]





  [[[[[[-3.03896708e-17  1.96441342e-17 -5.97329530e-01]
       [ 3.03896708e-17 -1.96441431e-17  5.97329530e-01]]

      [[ 1.96441148e-17 -1.01142772e-17  9.10546551e-14]
       [-1.96441222e-17  1.01142872e-17  2.23688003e-15]]

      [[-5.97329530e-01  2.70477132e-14  3.98194666e-17]
       [ 5.97329530e-01 -2.70477134e-14 -3.98194666e-17]]]


     [[[ 3.03896708e-17 -1.96441364e-17  5.97329530e-01]
       [-3.03896708e-17  1.96441442e-17 -5.97329530e-01]]

      [[-1.96441166e-17  1.01142840e-17 -9.10546553e-14]
       [ 1.96441273e-17 -1.01142923e-17 -2.23687987e-15]]

      [[ 5.97329530e-01  4.31879766e-16 -3.98194666e-17]
       [-5.97329530e-01 -4.31879674e-16  3.98194666e-17]]]]



    [[[[ 1.96441025e-17 -1.01142579e-17  9.10546553e-14]
       [-1.96441112e-17  1.01142638e-17  2.23687984e-15]]

      [[-1.01142543e-17  5.89326271e-17 -5.97329530e-01]
       [ 1.01142565e-17 -5.89326271e-17  5.97329530e-01]]

      [[ 2.70477134e-14 -5.97329530e-01 -4.64108909e-17]
       [-2.70477134e-14  5.97329530e-01  4.64108909e-17]]]


     [[[-1.96441005e-17  1.01142517e-17 -9.10546553e-14]
       [ 1.96441077e-17 -1.01142720e-17 -2.23687981e-15]]

      [[ 1.01142614e-17 -5.89326271e-17  5.97329530e-01]
       [-1.01142603e-17  5.89326271e-17 -5.97329530e-01]]

      [[ 4.31879632e-16  5.97329530e-01  4.64108909e-17]
       [-4.31879599e-16 -5.97329530e-01 -4.64108909e-17]]]]



    [[[[-5.97329530e-01  7.94053868e-17  3.98194666e-17]
       [ 5.97329530e-01 -7.94055128e-17 -3.98194666e-17]]

      [[ 7.94054936e-17 -5.97329530e-01 -4.64108909e-17]
       [-7.94054852e-17  5.97329530e-01  4.64108909e-17]]

      [[ 3.98194666e-17 -4.64108909e-17  2.20454262e+00]
       [-3.98194666e-17  4.64108909e-17 -2.20454262e+00]]]


     [[[ 5.97329530e-01 -7.94053836e-17 -3.98194666e-17]
       [-5.97329530e-01  7.94055121e-17  3.98194666e-17]]

      [[-7.94055787e-17  5.97329530e-01  4.64108909e-17]
       [ 7.94055999e-17 -5.97329530e-01 -4.64108909e-17]]

      [[-3.98194666e-17  4.64108909e-17 -2.20454262e+00]
       [ 3.98194666e-17 -4.64108909e-17  2.20454262e+00]]]]]




   [[[[[ 3.03896708e-17 -1.96441366e-17  5.97329530e-01]
       [-3.03896708e-17  1.96441409e-17 -5.97329530e-01]]

      [[-1.96441172e-17  1.01142920e-17 -9.10546550e-14]
       [ 1.96441194e-17 -1.01142903e-17 -2.23688007e-15]]

      [[ 5.97329530e-01 -2.70477131e-14 -3.98194666e-17]
       [-5.97329530e-01  2.70477133e-14  3.98194666e-17]]]


     [[[-3.03896708e-17  1.96441333e-17 -5.97329530e-01]
       [ 3.03896708e-17 -1.96441376e-17  5.97329530e-01]]

      [[ 1.96441150e-17 -1.01142855e-17  9.10546552e-14]
       [-1.96441215e-17  1.01142783e-17  2.23687991e-15]]

      [[-5.97329530e-01 -4.31879816e-16  3.98194666e-17]
       [ 5.97329530e-01  4.31879729e-16 -3.98194666e-17]]]]



    [[[[-1.96441053e-17  1.01142596e-17 -9.10546553e-14]
       [ 1.96441165e-17 -1.01142577e-17 -2.23687980e-15]]

      [[ 1.01142583e-17 -5.89326271e-17  5.97329530e-01]
       [-1.01142613e-17  5.89326271e-17 -5.97329530e-01]]

      [[-2.70477134e-14  5.97329530e-01  4.64108909e-17]
       [ 2.70477134e-14 -5.97329530e-01 -4.64108909e-17]]]


     [[[ 1.96441063e-17 -1.01142561e-17  9.10546554e-14]
       [-1.96441199e-17  1.01142642e-17  2.23687976e-15]]

      [[-1.01142536e-17  5.89326271e-17 -5.97329530e-01]
       [ 1.01142544e-17 -5.89326271e-17  5.97329530e-01]]

      [[-4.31879589e-16 -5.97329530e-01 -4.64108909e-17]
       [ 4.31879526e-16  5.97329530e-01  4.64108909e-17]]]]



    [[[[ 5.97329530e-01 -7.94052800e-17 -3.98194666e-17]
       [-5.97329530e-01  7.94054293e-17  3.98194666e-17]]

      [[-7.94053866e-17  5.97329530e-01  4.64108909e-17]
       [ 7.94054197e-17 -5.97329530e-01 -4.64108909e-17]]

      [[-3.98194666e-17  4.64108909e-17 -2.20454262e+00]
       [ 3.98194666e-17 -4.64108909e-17  2.20454262e+00]]]


     [[[-5.97329530e-01  7.94053182e-17  3.98194666e-17]
       [ 5.97329530e-01 -7.94054849e-17 -3.98194666e-17]]

      [[ 7.94054952e-17 -5.97329530e-01 -4.64108909e-17]
       [-7.94055730e-17  5.97329530e-01  4.64108909e-17]]

      [[ 3.98194666e-17 -4.64108909e-17  2.20454262e+00]
       [-3.98194666e-17  4.64108909e-17 -2.20454262e+00]]]]]]]






 [[[[[[[-2.12501591e-01  8.33466019e-14  3.03896708e-17]
       [ 2.12501591e-01 -9.70232931e-14 -3.03896708e-17]]

      [[ 8.80858098e-14 -7.08338637e-02 -1.96441470e-17]
       [ 5.41192742e-14  7.08338637e-02  1.96441387e-17]]

      [[ 3.03821802e-17 -1.95327495e-17  5.97329530e-01]
       [-3.03755333e-17  1.95837139e-17 -5.97329530e-01]]]


     [[[ 2.12501591e-01 -2.68202817e-14 -3.03896708e-17]
       [-2.12501591e-01  1.12607863e-13  3.03896708e-17]]

      [[-9.28973041e-14  7.08338637e-02  1.96441383e-17]
       [ 1.65674859e-14 -7.08338637e-02 -1.96441330e-17]]

      [[-3.03953101e-17  1.96556933e-17 -5.97329530e-01]
       [ 3.03898506e-17 -1.96278389e-17  5.97329530e-01]]]]



    [[[[ 5.35812042e-14 -7.08338441e-02 -1.96441139e-17]
       [ 3.14838133e-14  7.08338464e-02  1.96441409e-17]]

      [[-7.08338487e-02  1.10487166e-14  1.01142849e-17]
       [ 7.08338806e-02 -5.35812218e-14 -1.01142480e-17]]

      [[-7.16073413e-15  5.49583165e-15 -1.78531007e-13]
       [ 4.58702521e-15  3.80815412e-15  9.68394019e-14]]]


     [[[-1.87697740e-14  7.08338546e-02  1.96441183e-17]
       [-2.05124105e-14 -7.08338374e-02 -1.96441386e-17]]

      [[ 7.08338418e-02 -6.13023034e-14 -1.01142880e-17]
       [-7.08338558e-02 -2.11889326e-14  1.01142513e-17]]

      [[ 3.51946666e-16  6.46645496e-15  5.17540210e-14]
       [-1.34880245e-15 -8.95559102e-15 -9.30199721e-14]]]]



    [[[[ 3.03896708e-17 -1.96441379e-17  5.97329530e-01]
       [-3.03896708e-17  1.96441468e-17 -5.97329530e-01]]

      [[-1.96441219e-17  1.01142821e-17 -9.10546549e-14]
       [ 1.96441278e-17 -1.01142940e-17 -2.23688107e-15]]

      [[ 5.97329530e-01 -2.70477111e-14 -3.98194666e-17]
       [-5.97329530e-01  2.70477095e-14  3.98194666e-17]]]


     [[[-3.03896708e-17  1.96441370e-17 -5.97329530e-01]
       [ 3.03896708e-17 -1.96441488e-17  5.97329530e-01]]

      [[ 1.96441211e-17 -1.01142939e-17  9.10546552e-14]
       [-1.96441299e-17  1.01142881e-17  2.23687142e-15]]

      [[-5.97329530e-01 -4.31886237e-16  3.98194666e-17]
       [ 5.97329530e-01  4.31882484e-16 -3.98194666e-17]]]]]




   [[[[[ 2.12501591e-01 -8.33466019e-14 -3.03896708e-17]
       [-2.12501591e-01  9.70232931e-14  3.03896708e-17]]

      [[-8.80858097e-14  7.08338637e-02  1.96441466e-17]
       [-5.41192742e-14 -7.08338637e-02 -1.96441464e-17]]

      [[-3.03821802e-17  1.95327523e-17 -5.97329530e-01]
       [ 3.03755333e-17 -1.95837098e-17  5.97329530e-01]]]


     [[[-2.12501591e-01  2.68202817e-14  3.03896708e-17]
       [ 2.12501591e-01 -1.12607863e-13 -3.03896708e-17]]

      [[ 9.28973041e-14 -7.08338637e-02 -1.96441483e-17]
       [-1.65674859e-14  7.08338637e-02  1.96441390e-17]]

      [[ 3.03953101e-17 -1.96557046e-17  5.97329530e-01]
       [-3.03898506e-17  1.96278434e-17 -5.97329530e-01]]]]



    [[[[-5.35812042e-14  7.08338441e-02  1.96441136e-17]
       [-3.14838132e-14 -7.08338464e-02 -1.96441382e-17]]

      [[ 7.08338487e-02 -1.10487170e-14 -1.01142927e-17]
       [-7.08338806e-02  5.35812216e-14  1.01142925e-17]]

      [[ 7.16073413e-15 -5.49583165e-15  1.78531013e-13]
       [-4.58702522e-15 -3.80815412e-15 -9.68394236e-14]]]


     [[[ 1.87697740e-14 -7.08338546e-02 -1.96441323e-17]
       [ 2.05124105e-14  7.08338374e-02  1.96441563e-17]]

      [[-7.08338418e-02  6.13023034e-14  1.01142832e-17]
       [ 7.08338558e-02  2.11889328e-14 -1.01142766e-17]]

      [[-3.51946679e-16 -6.46645493e-15 -5.17540232e-14]
       [ 1.34880246e-15  8.95559102e-15  9.30199693e-14]]]]



    [[[[-3.03896708e-17  1.96441197e-17 -5.97329530e-01]
       [ 3.03896708e-17 -1.96441345e-17  5.97329530e-01]]

      [[ 1.96441022e-17 -1.01142463e-17  9.10546550e-14]
       [-1.96441025e-17  1.01142517e-17  2.23688518e-15]]

      [[-5.97329530e-01  2.70477137e-14  3.98194666e-17]
       [ 5.97329530e-01 -2.70477138e-14 -3.98194666e-17]]]


     [[[ 3.03896708e-17 -1.96441202e-17  5.97329530e-01]
       [-3.03896708e-17  1.96441392e-17 -5.97329530e-01]]

      [[-1.96441088e-17  1.01142557e-17 -9.10546548e-14]
       [ 1.96441277e-17 -1.01142676e-17 -2.23687710e-15]]

      [[ 5.97329530e-01  4.31884867e-16 -3.98194666e-17]
       [-5.97329530e-01 -4.31880553e-16  3.98194666e-17]]]]]]





  [[[[[[ 5.35812042e-14 -7.08338441e-02 -1.96441125e-17]
       [ 3.14838133e-14  7.08338464e-02  1.96441374e-17]]

      [[-7.08338487e-02  1.10487168e-14  1.01142792e-17]
       [ 7.08338806e-02 -5.35812218e-14 -1.01142573e-17]]

      [[-7.16073412e-15  5.49583163e-15 -1.78531014e-13]
       [ 4.58702522e-15  3.80815411e-15  9.68394296e-14]]]


     [[[-1.87697740e-14  7.08338546e-02  1.96441281e-17]
       [-2.05124105e-14 -7.08338374e-02 -1.96441529e-17]]

      [[ 7.08338418e-02 -6.13023035e-14 -1.01142749e-17]
       [-7.08338558e-02 -2.11889326e-14  1.01142678e-17]]

      [[ 3.51946668e-16  6.46645496e-15  5.17540282e-14]
       [-1.34880245e-15 -8.95559103e-15 -9.30199974e-14]]]]



    [[[[-7.08338637e-02 -8.31919789e-14  1.01142621e-17]
       [ 7.08338637e-02  9.68686701e-14 -1.01142728e-17]]

      [[-8.79311866e-14 -2.12501591e-01 -5.89326271e-17]
       [-5.42738972e-14  2.12501591e-01  5.89326271e-17]]

      [[ 1.01217554e-17 -5.90440157e-17  5.97329530e-01]
       [-1.01283906e-17  5.89930601e-17 -5.97329530e-01]]]


     [[[ 7.08338637e-02  2.66656588e-14 -1.01142516e-17]
       [-7.08338637e-02 -1.12453240e-13  1.01142514e-17]]

      [[ 9.27426810e-14  2.12501591e-01  5.89326271e-17]
       [-1.64128627e-14 -2.12501591e-01 -5.89326271e-17]]

      [[-1.01086209e-17  5.89210675e-17 -5.97329530e-01]
       [ 1.01140801e-17 -5.89489199e-17  5.97329530e-01]]]]



    [[[[-1.96440918e-17  1.01142740e-17 -9.10546597e-14]
       [ 1.96441106e-17 -1.01142811e-17 -2.23688416e-15]]

      [[ 1.01142786e-17 -5.89326271e-17  5.97329530e-01]
       [-1.01142764e-17  5.89326271e-17 -5.97329530e-01]]

      [[-2.70477164e-14  5.97329530e-01  4.64108909e-17]
       [ 2.70477183e-14 -5.97329530e-01 -4.64108910e-17]]]


     [[[ 1.96441005e-17 -1.01142750e-17  9.10546598e-14]
       [-1.96441148e-17  1.01142779e-17  2.23687975e-15]]

      [[-1.01142851e-17  5.89326271e-17 -5.97329530e-01]
       [ 1.01142641e-17 -5.89326271e-17  5.97329530e-01]]

      [[-4.31885914e-16 -5.97329530e-01 -4.64108909e-17]
       [ 4.31882262e-16  5.97329530e-01  4.64108910e-17]]]]]




   [[[[[-5.35812041e-14  7.08338441e-02  1.96441123e-17]
       [-3.14838133e-14 -7.08338464e-02 -1.96441355e-17]]

      [[ 7.08338487e-02 -1.10487166e-14 -1.01143034e-17]
       [-7.08338806e-02  5.35812218e-14  1.01142869e-17]]

      [[ 7.16073412e-15 -5.49583165e-15  1.78531014e-13]
       [-4.58702522e-15 -3.80815411e-15 -9.68394315e-14]]]


     [[[ 1.87697739e-14 -7.08338546e-02 -1.96441241e-17]
       [ 2.05124105e-14  7.08338374e-02  1.96441482e-17]]

      [[-7.08338418e-02  6.13023035e-14  1.01142902e-17]
       [ 7.08338558e-02  2.11889327e-14 -1.01142775e-17]]

      [[-3.51946667e-16 -6.46645493e-15 -5.17540244e-14]
       [ 1.34880245e-15  8.95559102e-15  9.30199703e-14]]]]



    [[[[ 7.08338637e-02  8.31919788e-14 -1.01142512e-17]
       [-7.08338637e-02 -9.68686700e-14  1.01142509e-17]]

      [[ 8.79311866e-14  2.12501591e-01  5.89326271e-17]
       [ 5.42738973e-14 -2.12501591e-01 -5.89326271e-17]]

      [[-1.01217468e-17  5.90440157e-17 -5.97329530e-01]
       [ 1.01283785e-17 -5.89930601e-17  5.97329530e-01]]]


     [[[-7.08338637e-02 -2.66656587e-14  1.01142462e-17]
       [ 7.08338637e-02  1.12453240e-13 -1.01142537e-17]]

      [[-9.27426809e-14 -2.12501591e-01 -5.89326271e-17]
       [ 1.64128625e-14  2.12501591e-01  5.89326271e-17]]

      [[ 1.01086239e-17 -5.89210675e-17  5.97329530e-01]
       [-1.01140772e-17  5.89489199e-17 -5.97329530e-01]]]]



    [[[[ 1.96440930e-17 -1.01142476e-17  9.10546596e-14]
       [-1.96441066e-17  1.01142617e-17  2.23688309e-15]]

      [[-1.01142402e-17  5.89326271e-17 -5.97329530e-01]
       [ 1.01142537e-17 -5.89326271e-17  5.97329530e-01]]

      [[ 2.70477129e-14 -5.97329530e-01 -4.64108909e-17]
       [-2.70477167e-14  5.97329530e-01  4.64108909e-17]]]


     [[[-1.96440927e-17  1.01142453e-17 -9.10546620e-14]
       [ 1.96441050e-17 -1.01142676e-17 -2.23687738e-15]]

      [[ 1.01142595e-17 -5.89326271e-17  5.97329530e-01]
       [-1.01142749e-17  5.89326271e-17 -5.97329530e-01]]

      [[ 4.31881567e-16  5.97329530e-01  4.64108910e-17]
       [-4.31877796e-16 -5.97329530e-01 -4.64108909e-17]]]]]]





  [[[[[[ 3.03896708e-17 -1.96441380e-17  5.97329530e-01]
       [-3.03896708e-17  1.96441422e-17 -5.97329530e-01]]

      [[-1.96441178e-17  1.01142741e-17 -9.10546552e-14]
       [ 1.96441241e-17 -1.01142891e-17 -2.23687999e-15]]

      [[ 5.97329530e-01 -2.70477132e-14 -3.98194666e-17]
       [-5.97329530e-01  2.70477134e-14  3.98194666e-17]]]


     [[[-3.03896708e-17  1.96441380e-17 -5.97329530e-01]
       [ 3.03896708e-17 -1.96441441e-17  5.97329530e-01]]

      [[ 1.96441174e-17 -1.01142873e-17  9.10546553e-14]
       [-1.96441274e-17  1.01142857e-17  2.23687985e-15]]

      [[-5.97329530e-01 -4.31879735e-16  3.98194666e-17]
       [ 5.97329530e-01  4.31879631e-16 -3.98194666e-17]]]]



    [[[[-1.96440994e-17  1.01142570e-17 -9.10546553e-14]
       [ 1.96441094e-17 -1.01142701e-17 -2.23687980e-15]]

      [[ 1.01142552e-17 -5.89326271e-17  5.97329530e-01]
       [-1.01142521e-17  5.89326271e-17 -5.97329530e-01]]

      [[-2.70477133e-14  5.97329530e-01  4.64108909e-17]
       [ 2.70477134e-14 -5.97329530e-01 -4.64108909e-17]]]


     [[[ 1.96440984e-17 -1.01142493e-17  9.10546553e-14]
       [-1.96441075e-17  1.01142653e-17  2.23687982e-15]]

      [[-1.01142654e-17  5.89326271e-17 -5.97329530e-01]
       [ 1.01142526e-17 -5.89326271e-17  5.97329530e-01]]

      [[-4.31879615e-16 -5.97329530e-01 -4.64108909e-17]
       [ 4.31879569e-16  5.97329530e-01  4.64108909e-17]]]]



    [[[[ 5.97329530e-01 -7.94053748e-17 -3.98194666e-17]
       [-5.97329530e-01  7.94055016e-17  3.98194666e-17]]

      [[-7.94054810e-17  5.97329530e-01  4.64108909e-17]
       [ 7.94054836e-17 -5.97329530e-01 -4.64108909e-17]]

      [[-3.98194666e-17  4.64108909e-17 -2.20454262e+00]
       [ 3.98194666e-17 -4.64108909e-17  2.20454262e+00]]]


     [[[-5.97329530e-01  7.94053820e-17  3.98194666e-17]
       [ 5.97329530e-01 -7.94054822e-17 -3.98194666e-17]]

      [[ 7.94055675e-17 -5.97329530e-01 -4.64108909e-17]
       [-7.94055700e-17  5.97329530e-01  4.64108909e-17]]

      [[ 3.98194666e-17 -4.64108909e-17  2.20454262e+00]
       [-3.98194666e-17  4.64108909e-17 -2.20454262e+00]]]]]




   [[[[[-3.03896708e-17  1.96441364e-17 -5.97329530e-01]
       [ 3.03896708e-17 -1.96441394e-17  5.97329530e-01]]

      [[ 1.96441166e-17 -1.01142909e-17  9.10546551e-14]
       [-1.96441186e-17  1.01142986e-17  2.23688009e-15]]

      [[-5.97329530e-01  2.70477131e-14  3.98194666e-17]
       [ 5.97329530e-01 -2.70477133e-14 -3.98194666e-17]]]


     [[[ 3.03896708e-17 -1.96441327e-17  5.97329530e-01]
       [-3.03896708e-17  1.96441369e-17 -5.97329530e-01]]

      [[-1.96441147e-17  1.01142910e-17 -9.10546552e-14]
       [ 1.96441205e-17 -1.01142870e-17 -2.23687989e-15]]

      [[ 5.97329530e-01  4.31879828e-16 -3.98194666e-17]
       [-5.97329530e-01 -4.31879691e-16  3.98194666e-17]]]]



    [[[[ 1.96441039e-17 -1.01142591e-17  9.10546553e-14]
       [-1.96441184e-17  1.01142569e-17  2.23687976e-15]]

      [[-1.01142595e-17  5.89326271e-17 -5.97329530e-01]
       [ 1.01142633e-17 -5.89326271e-17  5.97329530e-01]]

      [[ 2.70477134e-14 -5.97329530e-01 -4.64108909e-17]
       [-2.70477134e-14  5.97329530e-01  4.64108909e-17]]]


     [[[-1.96441070e-17  1.01142607e-17 -9.10546554e-14]
       [ 1.96441177e-17 -1.01142609e-17 -2.23687974e-15]]

      [[ 1.01142538e-17 -5.89326271e-17  5.97329530e-01]
       [-1.01142514e-17  5.89326271e-17 -5.97329530e-01]]

      [[ 4.31879542e-16  5.97329530e-01  4.64108909e-17]
       [-4.31879481e-16 -5.97329530e-01 -4.64108909e-17]]]]



    [[[[-5.97329530e-01  7.94053060e-17  3.98194666e-17]
       [ 5.97329530e-01 -7.94054280e-17 -3.98194666e-17]]

      [[ 7.94054123e-17 -5.97329530e-01 -4.64108909e-17]
       [-7.94054138e-17  5.97329530e-01  4.64108909e-17]]

      [[ 3.98194666e-17 -4.64108909e-17  2.20454262e+00]
       [-3.98194666e-17  4.64108909e-17 -2.20454262e+00]]]


     [[[ 5.97329530e-01 -7.94053123e-17 -3.98194666e-17]
       [-5.97329530e-01  7.94054435e-17  3.98194666e-17]]

      [[-7.94054941e-17  5.97329530e-01  4.64108909e-17]
       [ 7.94055318e-17 -5.97329530e-01 -4.64108909e-17]]

      [[-3.98194666e-17  4.64108909e-17 -2.20454262e+00]
       [ 3.98194666e-17 -4.64108909e-17  2.20454262e+00]]]]]]]]

