[[[[[[-2.91257752e-18  1.64154915e-18 -1.13334182e-01]
     [ 2.91257752e-18 -1.64154843e-18  1.13334182e-01]]

    [[ 1.64153195e-18 -9.46255906e-19  3.16022359e-14]
     [-1.64153196e-18  9.46267155e-19  2.97109450e-16]]

    [[-1.13334182e-01  4.11481778e-17  1.57605013e-17]
     [ 1.13334182e-01 -4.11482214e-17 -1.57605013e-17]]]


   [[[ 2.91257752e-18 -1.64154987e-18  1.13334182e-01]
     [-2.91257752e-18  1.64154469e-18 -1.13334182e-01]]

    [[-1.64153154e-18  9.46267687e-19 -3.16022360e-14]
     [ 1.64153715e-18 -9.46263543e-19 -2.97109415e-16]]

    [[ 1.13334182e-01 -4.11481634e-17 -1.57605013e-17]
     [-1.13334182e-01  4.11482602e-17  1.57605013e-17]]]]



  [[[[ 1.64152649e-18 -9.46259228e-19  3.16022360e-14]
     [-1.64153206e-18  9.46262122e-19  2.97109374e-16]]

    [[-9.46253787e-19  4.92171301e-18 -1.13334182e-01]
     [ 9.46253202e-19 -4.92171301e-18  1.13334182e-01]]

    [[ 4.11483160e-17 -1.13334182e-01 -2.49452438e-17]
     [-4.11483491e-17  1.13334182e-01  2.49452438e-17]]]


   [[[-1.64152618e-18  9.46263260e-19 -3.16022360e-14]
     [ 1.64152797e-18 -9.46262227e-19 -2.97109397e-16]]

    [[ 9.46259218e-19 -4.92171301e-18  1.13334182e-01]
     [-9.46257625e-19  4.92171301e-18 -1.13334182e-01]]

    [[-4.11483035e-17  1.13334182e-01  2.49452438e-17]
     [ 4.11483259e-17 -1.13334182e-01 -2.49452438e-17]]]]



  [[[[-1.13334182e-01  4.11482231e-17  1.57605013e-17]
     [ 1.13334182e-01 -4.11482739e-17 -1.57605013e-17]]

    [[ 4.11483035e-17 -1.13334182e-01 -2.49452438e-17]
     [-4.11483233e-17  1.13334182e-01  2.49452438e-17]]

    [[ 1.57605013e-17 -2.49452438e-17  7.29058884e-01]
     [-1.57605013e-17  2.49452438e-17 -7.29058884e-01]]]


   [[[ 1.13334182e-01 -4.11482243e-17 -1.57605013e-17]
     [-1.13334182e-01  4.11482930e-17  1.57605013e-17]]

    [[-4.11483087e-17  1.13334182e-01  2.49452438e-17]
     [ 4.11483563e-17 -1.13334182e-01 -2.49452438e-17]]

    [[-1.57605013e-17  2.49452438e-17 -7.29058884e-01]
     [ 1.57605013e-17 -2.49452438e-17  7.29058884e-01]]]]]




 [[[[[ 2.91257752e-18 -1.64154928e-18  1.13334182e-01]
     [-2.91257752e-18  1.64154854e-18 -1.13334182e-01]]

    [[-1.64153209e-18  9.46251082e-19 -3.16022359e-14]
     [ 1.64153176e-18 -9.46270662e-19 -2.97109446e-16]]

    [[ 1.13334182e-01 -4.11481775e-17 -1.57605013e-17]
     [-1.13334182e-01  4.11482247e-17  1.57605013e-17]]]


   [[[-2.91257752e-18  1.64154965e-18 -1.13334182e-01]
     [ 2.91257752e-18 -1.64154447e-18  1.13334182e-01]]

    [[ 1.64153164e-18 -9.46271268e-19  3.16022360e-14]
     [-1.64153695e-18  9.46265499e-19  2.97109427e-16]]

    [[-1.13334182e-01  4.11481852e-17  1.57605013e-17]
     [ 1.13334182e-01 -4.11482618e-17 -1.57605013e-17]]]]



  [[[[-1.64152731e-18  9.46259228e-19 -3.16022360e-14]
     [ 1.64153151e-18 -9.46257687e-19 -2.97109378e-16]]

    [[ 9.46254990e-19 -4.92171301e-18  1.13334182e-01]
     [-9.46252827e-19  4.92171301e-18 -1.13334182e-01]]

    [[-4.11483202e-17  1.13334182e-01  2.49452438e-17]
     [ 4.11483534e-17 -1.13334182e-01 -2.49452438e-17]]]


   [[[ 1.64152561e-18 -9.46263260e-19  3.16022360e-14]
     [-1.64152798e-18  9.46257708e-19  2.97109402e-16]]

    [[-9.46254143e-19  4.92171301e-18 -1.13334182e-01]
     [ 9.46252816e-19 -4.92171301e-18  1.13334182e-01]]

    [[ 4.11483159e-17 -1.13334182e-01 -2.49452438e-17]
     [-4.11483171e-17  1.13334182e-01  2.49452438e-17]]]]



  [[[[ 1.13334182e-01 -4.11482142e-17 -1.57605013e-17]
     [-1.13334182e-01  4.11482858e-17  1.57605013e-17]]

    [[-4.11482946e-17  1.13334182e-01  2.49452438e-17]
     [ 4.11483065e-17 -1.13334182e-01 -2.49452438e-17]]

    [[-1.57605013e-17  2.49452438e-17 -7.29058884e-01]
     [ 1.57605013e-17 -2.49452438e-17  7.29058884e-01]]]


   [[[-1.13334182e-01  4.11482075e-17  1.57605013e-17]
     [ 1.13334182e-01 -4.11482815e-17 -1.57605013e-17]]

    [[ 4.11483206e-17 -1.13334182e-01 -2.49452438e-17]
     [-4.11483448e-17  1.13334182e-01  2.49452438e-17]]

    [[ 1.57605013e-17 -2.49452438e-17  7.29058884e-01]
     [-1.57605013e-17  2.49452438e-17 -7.29058884e-01]]]]]]

