
[[[[[[ 1.22176509e-16  3.03991231e-17 -9.90989024e-02]
     [-1.22176509e-16 -3.03991117e-17  9.90989024e-02]]

    [[ 3.03994492e-17  3.32671668e-17  9.85780309e-15]
     [-3.03927895e-17 -3.32494790e-17  2.58547382e-14]]

    [[-9.90989024e-02 -7.08809255e-17  1.24404333e-17]
     [ 9.90989024e-02  7.08933167e-17 -1.24404950e-17]]]


   [[[-1.22176509e-16 -3.03990930e-17  9.90989024e-02]
     [ 1.22176509e-16  3.03990979e-17 -9.90989024e-02]]

    [[-3.03994687e-17 -3.32671279e-17 -9.85780320e-15]
     [ 3.03928325e-17  3.32494541e-17 -2.58547381e-14]]

    [[ 9.90989024e-02  7.08808618e-17 -1.24401574e-17]
     [-9.90989024e-02 -7.08932819e-17  1.24403909e-17]]]]



  [[[[ 3.03993350e-17  3.32671410e-17  9.85780346e-15]
     [-3.03926900e-17 -3.32494921e-17  2.58547379e-14]]

    [[ 3.32612409e-17  1.30263698e-17 -9.90989024e-02]
     [-3.32612483e-17 -1.30263695e-17  9.90989024e-02]]

    [[-7.08682321e-17 -9.90989024e-02  4.41601171e-18]
     [ 7.08871971e-17  9.90989024e-02 -4.41600867e-18]]]


   [[[-3.03992242e-17 -3.32671545e-17 -9.85780352e-15]
     [ 3.03925660e-17  3.32494992e-17 -2.58547380e-14]]

    [[-3.32612636e-17 -1.30263698e-17  9.90989024e-02]
     [ 3.32612663e-17  1.30263695e-17 -9.90989024e-02]]

    [[ 7.08681502e-17  9.90989024e-02 -4.41597619e-18]
     [-7.08871783e-17 -9.90989024e-02  4.41606284e-18]]]]



  [[[[-9.90989024e-02 -7.08808451e-17  1.24403692e-17]
     [ 9.90989024e-02  7.08934616e-17 -1.24403693e-17]]

    [[-7.08683381e-17 -9.90989024e-02  4.41610664e-18]
     [ 7.08872460e-17  9.90989024e-02 -4.41610661e-18]]

    [[ 1.24403693e-17  4.41610659e-18  6.73620126e-01]
     [-1.24403693e-17 -4.41610659e-18 -6.73620126e-01]]]


   [[[ 9.90989024e-02  7.08807322e-17 -1.24403693e-17]
     [-9.90989024e-02 -7.08933523e-17  1.24403693e-17]]

    [[ 7.08681743e-17  9.90989024e-02 -4.41610665e-18]
     [-7.08870934e-17 -9.90989024e-02  4.41610661e-18]]

    [[-1.24403693e-17 -4.41610659e-18 -6.73620126e-01]
     [ 1.24403693e-17  4.41610659e-18  6.73620126e-01]]]]]




 [[[[[-1.22176509e-16 -3.03990248e-17  9.90989024e-02]
     [ 1.22176509e-16  3.03990145e-17 -9.90989024e-02]]

    [[-3.03994205e-17 -3.32671782e-17 -9.85780310e-15]
     [ 3.03927128e-17  3.32494775e-17 -2.58547382e-14]]

    [[ 9.90989024e-02  7.08810750e-17 -1.24403246e-17]
     [-9.90989024e-02 -7.08933810e-17  1.24404099e-17]]]


   [[[ 1.22176509e-16  3.03990995e-17 -9.90989024e-02]
     [-1.22176509e-16 -3.03990230e-17  9.90989024e-02]]

    [[ 3.03994772e-17  3.32671265e-17  9.85780324e-15]
     [-3.03927626e-17 -3.32494867e-17  2.58547382e-14]]

    [[-9.90989024e-02 -7.08807848e-17  1.24402475e-17]
     [ 9.90989024e-02  7.08932725e-17 -1.24405380e-17]]]]



  [[[[-3.03993063e-17 -3.32671541e-17 -9.85780350e-15]
     [ 3.03928317e-17  3.32494849e-17 -2.58547379e-14]]

    [[-3.32612406e-17 -1.30263698e-17  9.90989024e-02]
     [ 3.32612466e-17  1.30263695e-17 -9.90989024e-02]]

    [[ 7.08681867e-17  9.90989024e-02 -4.41604349e-18]
     [-7.08871607e-17 -9.90989024e-02  4.41603369e-18]]]


   [[[ 3.03991822e-17  3.32671575e-17  9.85780355e-15]
     [-3.03926058e-17 -3.32494764e-17  2.58547380e-14]]

    [[ 3.32612684e-17  1.30263698e-17 -9.90989024e-02]
     [-3.32612554e-17 -1.30263695e-17  9.90989024e-02]]

    [[-7.08681221e-17 -9.90989024e-02  4.41600265e-18]
     [ 7.08871739e-17  9.90989024e-02 -4.41603824e-18]]]]



  [[[[ 9.90989024e-02  7.08808209e-17 -1.24403693e-17]
     [-9.90989024e-02 -7.08934902e-17  1.24403693e-17]]

    [[ 7.08683139e-17  9.90989024e-02 -4.41610664e-18]
     [-7.08872692e-17 -9.90989024e-02  4.41610661e-18]]

    [[-1.24403693e-17 -4.41610659e-18 -6.73620126e-01]
     [ 1.24403693e-17  4.41610659e-18  6.73620126e-01]]]


   [[[-9.90989024e-02 -7.08807554e-17  1.24403693e-17]
     [ 9.90989024e-02  7.08933691e-17 -1.24403693e-17]]

    [[-7.08682029e-17 -9.90989024e-02  4.41610665e-18]
     [ 7.08871102e-17  9.90989024e-02 -4.41610661e-18]]

    [[ 1.24403693e-17  4.41610659e-18  6.73620126e-01]
     [-1.24403693e-17 -4.41610659e-18 -6.73620126e-01]]]]]]
