
[[[[[[[[ 0.226723    0.          0.        ]
       [-0.226723    0.          0.        ]]

      [[ 0.          0.07557433  0.        ]
       [ 0.         -0.07557433  0.        ]]

      [[ 0.          0.         -0.65195641]
       [ 0.          0.          0.65195641]]]


     [[[-0.226723    0.          0.        ]
       [ 0.226723    0.          0.        ]]

      [[ 0.         -0.07557433  0.        ]
       [ 0.          0.07557433  0.        ]]

      [[ 0.          0.          0.65195641]
       [ 0.          0.         -0.65195641]]]]



    [[[[ 0.          0.07557433  0.        ]
       [ 0.         -0.07557433  0.        ]]

      [[ 0.07557433  0.          0.        ]
       [-0.07557433  0.          0.        ]]

      [[ 0.          0.          0.        ]
       [ 0.          0.          0.        ]]]


     [[[ 0.         -0.07557433  0.        ]
       [ 0.          0.07557433  0.        ]]

      [[-0.07557433  0.          0.        ]
       [ 0.07557433  0.          0.        ]]

      [[ 0.          0.          0.        ]
       [ 0.          0.          0.        ]]]]



    [[[[ 0.          0.         -0.65195641]
       [ 0.          0.          0.65195641]]

      [[ 0.          0.          0.        ]
       [ 0.          0.          0.        ]]

      [[-0.65195641  0.          0.        ]
       [ 0.65195641  0.          0.        ]]]


     [[[ 0.          0.          0.65195641]
       [ 0.          0.         -0.65195641]]

      [[ 0.          0.          0.        ]
       [ 0.          0.          0.        ]]

      [[ 0.65195641  0.          0.        ]
       [-0.65195641  0.          0.        ]]]]]




   [[[[[-0.226723    0.          0.        ]
       [ 0.226723    0.          0.        ]]

      [[ 0.         -0.07557433  0.        ]
       [ 0.          0.07557433  0.        ]]

      [[ 0.          0.          0.65195641]
       [ 0.          0.         -0.65195641]]]


     [[[ 0.226723    0.          0.        ]
       [-0.226723    0.          0.        ]]

      [[ 0.          0.07557433  0.        ]
       [ 0.         -0.07557433  0.        ]]

      [[ 0.          0.         -0.65195641]
       [ 0.          0.          0.65195641]]]]



    [[[[ 0.         -0.07557433  0.        ]
       [ 0.          0.07557433  0.        ]]

      [[-0.07557433  0.          0.        ]
       [ 0.07557433  0.          0.        ]]

      [[ 0.          0.          0.        ]
       [ 0.          0.          0.        ]]]


     [[[ 0.          0.07557433  0.        ]
       [ 0.         -0.07557433  0.        ]]

      [[ 0.07557433  0.          0.        ]
       [-0.07557433  0.          0.        ]]

      [[ 0.          0.          0.        ]
       [ 0.          0.          0.        ]]]]



    [[[[ 0.          0.          0.65195641]
       [ 0.          0.         -0.65195641]]

      [[ 0.          0.          0.        ]
       [ 0.          0.          0.        ]]

      [[ 0.65195641  0.          0.        ]
       [-0.65195641  0.          0.        ]]]


     [[[ 0.          0.         -0.65195641]
       [ 0.          0.          0.65195641]]

      [[ 0.          0.          0.        ]
       [ 0.          0.          0.        ]]

      [[-0.65195641  0.          0.        ]
       [ 0.65195641  0.          0.        ]]]]]]





  [[[[[[ 0.          0.07557433  0.        ]
       [ 0.         -0.07557433  0.        ]]

      [[ 0.07557433  0.          0.        ]
       [-0.07557433  0.          0.        ]]

      [[ 0.          0.          0.        ]
       [ 0.          0.          0.        ]]]


     [[[ 0.         -0.07557433  0.        ]
       [ 0.          0.07557433  0.        ]]

      [[-0.07557433  0.          0.        ]
       [ 0.07557433  0.          0.        ]]

      [[ 0.          0.          0.        ]
       [ 0.          0.          0.        ]]]]



    [[[[ 0.07557433  0.          0.        ]
       [-0.07557433  0.          0.        ]]

      [[ 0.          0.226723    0.        ]
       [ 0.         -0.226723    0.        ]]

      [[ 0.          0.         -0.65195641]
       [ 0.          0.          0.65195641]]]


     [[[-0.07557433  0.          0.        ]
       [ 0.07557433  0.          0.        ]]

      [[ 0.         -0.226723    0.        ]
       [ 0.          0.226723    0.        ]]

      [[ 0.          0.          0.65195641]
       [ 0.          0.         -0.65195641]]]]



    [[[[ 0.          0.          0.        ]
       [ 0.          0.          0.        ]]

      [[ 0.          0.         -0.65195641]
       [ 0.          0.          0.65195641]]

      [[ 0.         -0.65195641  0.        ]
       [ 0.          0.65195641  0.        ]]]


     [[[ 0.          0.          0.        ]
       [ 0.          0.          0.        ]]

      [[ 0.          0.          0.65195641]
       [ 0.          0.         -0.65195641]]

      [[ 0.          0.65195641  0.        ]
       [ 0.         -0.65195641  0.        ]]]]]




   [[[[[ 0.         -0.07557433  0.        ]
       [ 0.          0.07557433  0.        ]]

      [[-0.07557433  0.          0.        ]
       [ 0.07557433  0.          0.        ]]

      [[ 0.          0.          0.        ]
       [ 0.          0.          0.        ]]]


     [[[ 0.          0.07557433  0.        ]
       [ 0.         -0.07557433  0.        ]]

      [[ 0.07557433  0.          0.        ]
       [-0.07557433  0.          0.        ]]

      [[ 0.          0.          0.        ]
       [ 0.          0.          0.        ]]]]



    [[[[-0.07557433  0.          0.        ]
       [ 0.07557433  0.          0.        ]]

      [[ 0.         -0.226723    0.        ]
       [ 0.          0.226723    0.        ]]

      [[ 0.          0.          0.65195641]
       [ 0.          0.         -0.65195641]]]


     [[[ 0.07557433  0.          0.        ]
       [-0.07557433  0.          0.        ]]

      [[ 0.          0.226723    0.        ]
       [ 0.         -0.226723    0.        ]]

      [[ 0.          0.         -0.65195641]
       [ 0.          0.          0.65195641]]]]



    [[[[ 0.          0.          0.        ]
       [ 0.          0.          0.        ]]

      [[ 0.          0.          0.65195641]
       [ 0.          0.         -0.65195641]]

      [[ 0.          0.65195641  0.        ]
       [ 0.         -0.65195641  0.        ]]]


     [[[ 0.          0.          0.        ]
       [ 0.          0.          0.        ]]

      [[ 0.          0.         -0.65195641]
       [ 0.          0.          0.65195641]]

      [[ 0.         -0.65195641  0.        ]
       [ 0.          0.65195641  0.        ]]]]]]





  [[[[[[ 0.          0.         -0.65195641]
       [ 0.          0.          0.65195641]]

      [[ 0.          0.          0.        ]
       [ 0.          0.          0.        ]]

      [[-0.65195641  0.          0.        ]
       [ 0.65195641  0.          0.        ]]]


     [[[ 0.          0.          0.65195641]
       [ 0.          0.         -0.65195641]]

      [[ 0.          0.          0.        ]
       [ 0.          0.          0.        ]]

      [[ 0.65195641  0.          0.        ]
       [-0.65195641  0.          0.        ]]]]



    [[[[ 0.          0.          0.        ]
       [ 0.          0.          0.        ]]

      [[ 0.          0.         -0.65195641]
       [ 0.          0.          0.65195641]]

      [[ 0.         -0.65195641  0.        ]
       [ 0.          0.65195641  0.        ]]]


     [[[ 0.          0.          0.        ]
       [ 0.          0.          0.        ]]

      [[ 0.          0.          0.65195641]
       [ 0.          0.         -0.65195641]]

      [[ 0.          0.65195641  0.        ]
       [ 0.         -0.65195641  0.        ]]]]



    [[[[-0.65195641  0.          0.        ]
       [ 0.65195641  0.          0.        ]]

      [[ 0.         -0.65195641  0.        ]
       [ 0.          0.65195641  0.        ]]

      [[ 0.          0.          2.60676068]
       [ 0.          0.         -2.60676068]]]


     [[[ 0.65195641  0.          0.        ]
       [-0.65195641  0.          0.        ]]

      [[ 0.          0.65195641  0.        ]
       [ 0.         -0.65195641  0.        ]]

      [[ 0.          0.         -2.60676068]
       [ 0.          0.          2.60676068]]]]]




   [[[[[ 0.          0.          0.65195641]
       [ 0.          0.         -0.65195641]]

      [[ 0.          0.          0.        ]
       [ 0.          0.          0.        ]]

      [[ 0.65195641  0.          0.        ]
       [-0.65195641  0.          0.        ]]]


     [[[ 0.          0.         -0.65195641]
       [ 0.          0.          0.65195641]]

      [[ 0.          0.          0.        ]
       [ 0.          0.          0.        ]]

      [[-0.65195641  0.          0.        ]
       [ 0.65195641  0.          0.        ]]]]



    [[[[ 0.          0.          0.        ]
       [ 0.          0.          0.        ]]

      [[ 0.          0.          0.65195641]
       [ 0.          0.         -0.65195641]]

      [[ 0.          0.65195641  0.        ]
       [ 0.         -0.65195641  0.        ]]]


     [[[ 0.          0.          0.        ]
       [ 0.          0.          0.        ]]

      [[ 0.          0.         -0.65195641]
       [ 0.          0.          0.65195641]]

      [[ 0.         -0.65195641  0.        ]
       [ 0.          0.65195641  0.        ]]]]



    [[[[ 0.65195641  0.          0.        ]
       [-0.65195641  0.          0.        ]]

      [[ 0.          0.65195641  0.        ]
       [ 0.         -0.65195641  0.        ]]

      [[ 0.          0.         -2.60676068]
       [ 0.          0.          2.60676068]]]


     [[[-0.65195641  0.          0.        ]
       [ 0.65195641  0.          0.        ]]

      [[ 0.         -0.65195641  0.        ]
       [ 0.          0.65195641  0.        ]]

      [[ 0.          0.          2.60676068]
       [ 0.          0.         -2.60676068]]]]]]]






 [[[[[[[-0.226723    0.          0.        ]
       [ 0.226723    0.          0.        ]]

      [[ 0.         -0.07557433  0.        ]
       [ 0.          0.07557433  0.        ]]

      [[ 0.          0.          0.65195641]
       [ 0.          0.         -0.65195641]]]


     [[[ 0.226723    0.          0.        ]
       [-0.226723    0.          0.        ]]

      [[ 0.          0.07557433  0.        ]
       [ 0.         -0.07557433  0.        ]]

      [[ 0.          0.         -0.65195641]
       [ 0.          0.          0.65195641]]]]



    [[[[ 0.         -0.07557433  0.        ]
       [ 0.          0.07557433  0.        ]]

      [[-0.07557433  0.          0.        ]
       [ 0.07557433  0.          0.        ]]

      [[ 0.          0.          0.        ]
       [ 0.          0.          0.        ]]]


     [[[ 0.          0.07557433  0.        ]
       [ 0.         -0.07557433  0.        ]]

      [[ 0.07557433  0.          0.        ]
       [-0.07557433  0.          0.        ]]

      [[ 0.          0.          0.        ]
       [ 0.          0.          0.        ]]]]



    [[[[ 0.          0.          0.65195641]
       [ 0.          0.         -0.65195641]]

      [[ 0.          0.          0.        ]
       [ 0.          0.          0.        ]]

      [[ 0.65195641  0.          0.        ]
       [-0.65195641  0.          0.        ]]]


     [[[ 0.          0.         -0.65195641]
       [ 0.          0.          0.65195641]]

      [[ 0.          0.          0.        ]
       [ 0.          0.          0.        ]]

      [[-0.65195641  0.          0.        ]
       [ 0.65195641  0.          0.        ]]]]]




   [[[[[ 0.226723    0.          0.        ]
       [-0.226723    0.          0.        ]]

      [[ 0.          0.07557433  0.        ]
       [ 0.         -0.07557433  0.        ]]

      [[ 0.          0.         -0.65195641]
       [ 0.          0.          0.65195641]]]


     [[[-0.226723    0.          0.        ]
       [ 0.226723    0.          0.        ]]

      [[ 0.         -0.07557433  0.        ]
       [ 0.          0.07557433  0.        ]]

      [[ 0.          0.          0.65195641]
       [ 0.          0.         -0.65195641]]]]



    [[[[ 0.          0.07557433  0.        ]
       [ 0.         -0.07557433  0.        ]]

      [[ 0.07557433  0.          0.        ]
       [-0.07557433  0.          0.        ]]

      [[ 0.          0.          0.        ]
       [ 0.          0.          0.        ]]]


     [[[ 0.         -0.07557433  0.        ]
       [ 0.          0.07557433  0.        ]]

      [[-0.07557433  0.          0.        ]
       [ 0.07557433  0.          0.        ]]

      [[ 0.          0.          0.        ]
       [ 0.          0.          0.        ]]]]



    [[[[ 0.          0.         -0.65195641]
       [ 0.          0.          0.65195641]]

      [[ 0.          0.          0.        ]
       [ 0.          0.          0.        ]]

      [[-0.65195641  0.          0.        ]
       [ 0.65195641  0.          0.        ]]]


     [[[ 0.          0.          0.65195641]
       [ 0.          0.         -0.65195641]]

      [[ 0.          0.          0.        ]
       [ 0.          0.          0.        ]]

      [[ 0.65195641  0.          0.        ]
       [-0.65195641  0.          0.        ]]]]]]





  [[[[[[ 0.         -0.07557433  0.        ]
       [ 0.          0.07557433  0.        ]]

      [[-0.07557433  0.          0.        ]
       [ 0.07557433  0.          0.        ]]

      [[ 0.          0.          0.        ]
       [ 0.          0.          0.        ]]]


     [[[ 0.          0.07557433  0.        ]
       [ 0.         -0.07557433  0.        ]]

      [[ 0.07557433  0.          0.        ]
       [-0.07557433  0.          0.        ]]

      [[ 0.          0.          0.        ]
       [ 0.          0.          0.        ]]]]



    [[[[-0.07557433  0.          0.        ]
       [ 0.07557433  0.          0.        ]]

      [[ 0.         -0.226723    0.        ]
       [ 0.          0.226723    0.        ]]

      [[ 0.          0.          0.65195641]
       [ 0.          0.         -0.65195641]]]


     [[[ 0.07557433  0.          0.        ]
       [-0.07557433  0.          0.        ]]

      [[ 0.          0.226723    0.        ]
       [ 0.         -0.226723    0.        ]]

      [[ 0.          0.         -0.65195641]
       [ 0.          0.          0.65195641]]]]



    [[[[ 0.          0.          0.        ]
       [ 0.          0.          0.        ]]

      [[ 0.          0.          0.65195641]
       [ 0.          0.         -0.65195641]]

      [[ 0.          0.65195641  0.        ]
       [ 0.         -0.65195641  0.        ]]]


     [[[ 0.          0.          0.        ]
       [ 0.          0.          0.        ]]

      [[ 0.          0.         -0.65195641]
       [ 0.          0.          0.65195641]]

      [[ 0.         -0.65195641  0.        ]
       [ 0.          0.65195641  0.        ]]]]]




   [[[[[ 0.          0.07557433  0.        ]
       [ 0.         -0.07557433  0.        ]]

      [[ 0.07557433  0.          0.        ]
       [-0.07557433  0.          0.        ]]

      [[ 0.          0.          0.        ]
       [ 0.          0.          0.        ]]]


     [[[ 0.         -0.07557433  0.        ]
       [ 0.          0.07557433  0.        ]]

      [[-0.07557433  0.          0.        ]
       [ 0.07557433  0.          0.        ]]

      [[ 0.          0.          0.        ]
       [ 0.          0.          0.        ]]]]



    [[[[ 0.07557433  0.          0.        ]
       [-0.07557433  0.          0.        ]]

      [[ 0.          0.226723    0.        ]
       [ 0.         -0.226723    0.        ]]

      [[ 0.          0.         -0.65195641]
       [ 0.          0.          0.65195641]]]


     [[[-0.07557433  0.          0.        ]
       [ 0.07557433  0.          0.        ]]

      [[ 0.         -0.226723    0.        ]
       [ 0.          0.226723    0.        ]]

      [[ 0.          0.          0.65195641]
       [ 0.          0.         -0.65195641]]]]



    [[[[ 0.          0.          0.        ]
       [ 0.          0.          0.        ]]

      [[ 0.          0.         -0.65195641]
       [ 0.          0.          0.65195641]]

      [[ 0.         -0.65195641  0.        ]
       [ 0.          0.65195641  0.        ]]]


     [[[ 0.          0.          0.        ]
       [ 0.          0.          0.        ]]

      [[ 0.          0.          0.65195641]
       [ 0.          0.         -0.65195641]]

      [[ 0.          0.65195641  0.        ]
       [ 0.         -0.65195641  0.        ]]]]]]





  [[[[[[ 0.          0.          0.65195641]
       [ 0.          0.         -0.65195641]]

      [[ 0.          0.          0.        ]
       [ 0.          0.          0.        ]]

      [[ 0.65195641  0.          0.        ]
       [-0.65195641  0.          0.        ]]]


     [[[ 0.          0.         -0.65195641]
       [ 0.          0.          0.65195641]]

      [[ 0.          0.          0.        ]
       [ 0.          0.          0.        ]]

      [[-0.65195641  0.          0.        ]
       [ 0.65195641  0.          0.        ]]]]



    [[[[ 0.          0.          0.        ]
       [ 0.          0.          0.        ]]

      [[ 0.          0.          0.65195641]
       [ 0.          0.         -0.65195641]]

      [[ 0.          0.65195641  0.        ]
       [ 0.         -0.65195641  0.        ]]]


     [[[ 0.          0.          0.        ]
       [ 0.          0.          0.        ]]

      [[ 0.          0.         -0.65195641]
       [ 0.          0.          0.65195641]]

      [[ 0.         -0.65195641  0.        ]
       [ 0.          0.65195641  0.        ]]]]



    [[[[ 0.65195641  0.          0.        ]
       [-0.65195641  0.          0.        ]]

      [[ 0.          0.65195641  0.        ]
       [ 0.         -0.65195641  0.        ]]

      [[ 0.          0.         -2.60676068]
       [ 0.          0.          2.60676068]]]


     [[[-0.65195641  0.          0.        ]
       [ 0.65195641  0.          0.        ]]

      [[ 0.         -0.65195641  0.        ]
       [ 0.          0.65195641  0.        ]]

      [[ 0.          0.          2.60676068]
       [ 0.          0.         -2.60676068]]]]]




   [[[[[ 0.          0.         -0.65195641]
       [ 0.          0.          0.65195641]]

      [[ 0.          0.          0.        ]
       [ 0.          0.          0.        ]]

      [[-0.65195641  0.          0.        ]
       [ 0.65195641  0.          0.        ]]]


     [[[ 0.          0.          0.65195641]
       [ 0.          0.         -0.65195641]]

      [[ 0.          0.          0.        ]
       [ 0.          0.          0.        ]]

      [[ 0.65195641  0.          0.        ]
       [-0.65195641  0.          0.        ]]]]



    [[[[ 0.          0.          0.        ]
       [ 0.          0.          0.        ]]

      [[ 0.          0.         -0.65195641]
       [ 0.          0.          0.65195641]]

      [[ 0.         -0.65195641  0.        ]
       [ 0.          0.65195641  0.        ]]]


     [[[ 0.          0.          0.        ]
       [ 0.          0.          0.        ]]

      [[ 0.          0.          0.65195641]
       [ 0.          0.         -0.65195641]]

      [[ 0.          0.65195641  0.        ]
       [ 0.         -0.65195641  0.        ]]]]



    [[[[-0.65195641  0.          0.        ]
       [ 0.65195641  0.          0.        ]]

      [[ 0.         -0.65195641  0.        ]
       [ 0.          0.65195641  0.        ]]

      [[ 0.          0.          2.60676068]
       [ 0.          0.         -2.60676068]]]


     [[[ 0.65195641  0.          0.        ]
       [-0.65195641  0.          0.        ]]

      [[ 0.          0.65195641  0.        ]
       [ 0.         -0.65195641  0.        ]]

      [[ 0.          0.         -2.60676068]
       [ 0.          0.          2.60676068]]]]]]]]
