
[[[[[[[[ 1.85810442e-01 -1.41827961e-13  1.55878956e-16]
       [-1.85810442e-01  1.14120270e-13 -1.55878551e-16]]

      [[ 3.58781239e-14  6.19368140e-02  6.47044115e-17]
       [ 8.84206120e-14 -6.19368140e-02 -6.47049475e-17]]

      [[ 1.55048048e-16  6.48295600e-17 -5.44886207e-01]
       [-1.54467302e-16 -6.47745906e-17  5.44886207e-01]]]


     [[[-1.85810442e-01  2.79414307e-13 -1.55879046e-16]
       [ 1.85810442e-01  2.72018137e-13  1.55878697e-16]]

      [[-4.07297391e-14 -6.19368140e-02 -6.47046909e-17]
       [-3.04488910e-14  6.19368140e-02  6.47041358e-17]]

      [[-1.55888781e-16 -6.51531118e-17  5.44886207e-01]
       [ 1.55799532e-16  6.50073688e-17 -5.44886207e-01]]]]



    [[[[ 1.02347072e-13  6.19368184e-02  6.20281889e-17]
       [ 1.24608002e-13 -6.19368061e-02 -7.36001536e-17]]

      [[ 6.19368095e-02 -2.55843894e-13  4.87977973e-17]
       [-6.19368449e-02  1.70247587e-13 -1.21912591e-17]]

      [[ 4.16508573e-14 -4.46908351e-16  9.75996015e-13]
       [-7.07240275e-14 -1.10594362e-14 -1.75964213e-13]]]


     [[[ 1.60979875e-13 -6.19368751e-02 -6.77634372e-17]
       [-2.64655118e-13  6.19367840e-02  6.85514454e-17]]

      [[-6.19368126e-02  2.39925410e-13 -3.25935730e-17]
       [ 6.19368079e-02 -2.07828840e-13  5.98449354e-17]]

      [[-1.60688721e-14  3.38819440e-14 -5.09994010e-13]
       [ 5.83968011e-14 -8.15853158e-15 -1.38634556e-14]]]]



    [[[[ 1.55878984e-16  6.47026738e-17 -5.44886207e-01]
       [-1.55878706e-16 -6.47026950e-17  5.44886207e-01]]

      [[ 6.47044943e-17  4.25509548e-17  2.43921789e-13]
       [-6.47036175e-17 -4.25333966e-17  3.62332564e-14]]

      [[-5.44886207e-01  1.13489687e-13  1.30363149e-16]
       [ 5.44886207e-01 -1.13489627e-13 -1.30482975e-16]]]


     [[[-1.55878808e-16 -6.47014786e-17  5.44886207e-01]
       [ 1.55878890e-16  6.47031169e-17 -5.44886207e-01]]

      [[-6.47080612e-17 -4.25335608e-17 -2.43966647e-13]
       [ 6.46923749e-17  4.25168087e-17 -3.61883151e-14]]

      [[ 5.44886207e-01  9.40163641e-15 -1.29725054e-16]
       [-5.44886207e-01 -9.40157012e-15  1.30452781e-16]]]]]




   [[[[[-1.85810442e-01  1.41827961e-13 -1.55879227e-16]
       [ 1.85810442e-01 -1.14120270e-13  1.55878608e-16]]

      [[-3.58781237e-14 -6.19368140e-02 -6.47042730e-17]
       [-8.84206121e-14  6.19368140e-02  6.47049675e-17]]

      [[-1.55048156e-16 -6.48291561e-17  5.44886207e-01]
       [ 1.54467223e-16  6.47744460e-17 -5.44886207e-01]]]


     [[[ 1.85810442e-01 -2.79414308e-13  1.55879090e-16]
       [-1.85810442e-01 -2.72018137e-13 -1.55878856e-16]]

      [[ 4.07297390e-14  6.19368140e-02  6.47045832e-17]
       [ 3.04488909e-14 -6.19368140e-02 -6.47042369e-17]]

      [[ 1.55888710e-16  6.51533456e-17 -5.44886207e-01]
       [-1.55799078e-16 -6.50073098e-17  5.44886207e-01]]]]



    [[[[-1.02347072e-13 -6.19368184e-02 -6.20287661e-17]
       [-1.24608001e-13  6.19368061e-02  7.36002377e-17]]

      [[-6.19368095e-02  2.55843895e-13 -4.87981388e-17]
       [ 6.19368449e-02 -1.70247587e-13  1.21913609e-17]]

      [[-4.16508577e-14  4.46908477e-16 -9.75996042e-13]
       [ 7.07240276e-14  1.10594363e-14  1.75964231e-13]]]


     [[[-1.60979875e-13  6.19368751e-02  6.77637276e-17]
       [ 2.64655119e-13 -6.19367840e-02 -6.85518733e-17]]

      [[ 6.19368126e-02 -2.39925410e-13  3.25933288e-17]
       [-6.19368079e-02  2.07828841e-13 -5.98450533e-17]]

      [[ 1.60688725e-14 -3.38819443e-14  5.09993954e-13]
       [-5.83968012e-14  8.15853130e-15  1.38634204e-14]]]]



    [[[[-1.55878728e-16 -6.47026327e-17  5.44886207e-01]
       [ 1.55878846e-16  6.47025150e-17 -5.44886207e-01]]

      [[-6.47041389e-17 -4.25509916e-17 -2.43921824e-13]
       [ 6.47035538e-17  4.25334600e-17 -3.62332830e-14]]

      [[ 5.44886207e-01 -1.13489669e-13 -1.30917922e-16]
       [-5.44886207e-01  1.13489719e-13  1.31115144e-16]]]


     [[[ 1.55879017e-16  6.47016011e-17 -5.44886207e-01]
       [-1.55878895e-16 -6.47028359e-17  5.44886207e-01]]

      [[ 6.47078109e-17  4.25335861e-17  2.43966768e-13]
       [-6.46923328e-17 -4.25169937e-17  3.61883512e-14]]

      [[-5.44886207e-01 -9.40159800e-15  1.30755186e-16]
       [ 5.44886207e-01  9.40157438e-15 -1.33376522e-16]]]]]]





  [[[[[[ 1.02347072e-13  6.19368184e-02  6.20277134e-17]
       [ 1.24608001e-13 -6.19368061e-02 -7.35998907e-17]]

      [[ 6.19368095e-02 -2.55843894e-13  4.87981331e-17]
       [-6.19368449e-02  1.70247587e-13 -1.21913701e-17]]

      [[ 4.16508571e-14 -4.46908433e-16  9.75995830e-13]
       [-7.07240274e-14 -1.10594366e-14 -1.75964187e-13]]]


     [[[ 1.60979875e-13 -6.19368751e-02 -6.77631868e-17]
       [-2.64655118e-13  6.19367840e-02  6.85515332e-17]]

      [[-6.19368126e-02  2.39925410e-13 -3.25938845e-17]
       [ 6.19368079e-02 -2.07828841e-13  5.98454318e-17]]

      [[-1.60688722e-14  3.38819439e-14 -5.09993793e-13]
       [ 5.83968007e-14 -8.15853122e-15 -1.38633967e-14]]]]



    [[[[ 6.19368140e-02  1.41610576e-13  4.25388656e-17]
       [-6.19368140e-02 -1.13728737e-13 -4.25389774e-17]]

      [[-3.53504843e-14  1.85810442e-01  6.44469300e-18]
       [-8.95547226e-14 -1.85810442e-01 -6.44412520e-18]]

      [[ 4.33691673e-17  6.32018249e-18 -5.44886207e-01]
       [-4.39467198e-17 -6.37508499e-18  5.44886207e-01]]]


     [[[-6.19368140e-02 -2.79646433e-13 -4.25388295e-17]
       [ 6.19368140e-02 -2.71233117e-13  4.25389270e-17]]

      [[ 4.01492373e-14 -1.85810442e-01 -6.44438997e-18]
       [ 3.02570326e-14  1.85810442e-01  6.44480446e-18]]

      [[-4.25288386e-17 -5.99723370e-18  5.44886207e-01]
       [ 4.26181162e-17  6.14275742e-18 -5.44886207e-01]]]]



    [[[[ 6.47125774e-17  4.25369470e-17  2.43877778e-13]
       [-6.46996878e-17 -4.25226733e-17  3.62773472e-14]]

      [[ 4.25453527e-17  6.44458388e-18 -5.44886207e-01]
       [-4.25534197e-17 -6.44459076e-18  5.44886207e-01]]

      [[ 1.13378551e-13 -5.44886207e-01  1.31228132e-17]
       [-1.13378644e-13  5.44886207e-01 -1.28815230e-17]]]


     [[[-6.46990030e-17 -4.25431240e-17 -2.43944338e-13]
       [ 6.46907398e-17  4.25418961e-17 -3.62108082e-14]]

      [[-4.25334387e-17 -6.44455736e-18  5.44886207e-01]
       [ 4.25244178e-17  6.44456762e-18 -5.44886207e-01]]

      [[ 9.48579674e-15  5.44886207e-01 -1.26634143e-17]
       [-9.48565960e-15 -5.44886207e-01  1.22866044e-17]]]]]




   [[[[[-1.02347072e-13 -6.19368184e-02 -6.20282381e-17]
       [-1.24608002e-13  6.19368061e-02  7.35994537e-17]]

      [[-6.19368095e-02  2.55843894e-13 -4.87981811e-17]
       [ 6.19368449e-02 -1.70247587e-13  1.21912554e-17]]

      [[-4.16508574e-14  4.46908431e-16 -9.75995895e-13]
       [ 7.07240275e-14  1.10594365e-14  1.75964209e-13]]]


     [[[-1.60979875e-13  6.19368751e-02  6.77631374e-17]
       [ 2.64655118e-13 -6.19367840e-02 -6.85515189e-17]]

      [[ 6.19368126e-02 -2.39925410e-13  3.25937973e-17]
       [-6.19368079e-02  2.07828841e-13 -5.98454904e-17]]

      [[ 1.60688720e-14 -3.38819440e-14  5.09993969e-13]
       [-5.83968007e-14  8.15853124e-15  1.38634176e-14]]]]



    [[[[-6.19368140e-02 -1.41610575e-13 -4.25388261e-17]
       [ 6.19368140e-02  1.13728737e-13  4.25389152e-17]]

      [[ 3.53504844e-14 -1.85810442e-01 -6.44469150e-18]
       [ 8.95547224e-14  1.85810442e-01  6.44406907e-18]]

      [[-4.33690998e-17 -6.32020815e-18  5.44886207e-01]
       [ 4.39466904e-17  6.37508250e-18 -5.44886207e-01]]]


     [[[ 6.19368140e-02  2.79646432e-13  4.25388062e-17]
       [-6.19368140e-02  2.71233117e-13 -4.25387252e-17]]

      [[-4.01492371e-14  1.85810442e-01  6.44439035e-18]
       [-3.02570324e-14 -1.85810442e-01 -6.44480916e-18]]

      [[ 4.25287373e-17  5.99725568e-18 -5.44886207e-01]
       [-4.26179453e-17 -6.14274288e-18  5.44886207e-01]]]]



    [[[[-6.47125045e-17 -4.25370494e-17 -2.43877845e-13]
       [ 6.46996964e-17  4.25226492e-17 -3.62773470e-14]]

      [[-4.25453668e-17 -6.44460007e-18  5.44886207e-01]
       [ 4.25533145e-17  6.44456627e-18 -5.44886207e-01]]

      [[-1.13378586e-13  5.44886207e-01 -1.32612457e-17]
       [ 1.13378664e-13 -5.44886207e-01  1.32095280e-17]]]


     [[[ 6.46987373e-17  4.25430395e-17  2.43944395e-13]
       [-6.46906960e-17 -4.25418319e-17  3.62107863e-14]]

      [[ 4.25334163e-17  6.44456321e-18 -5.44886207e-01]
       [-4.25243327e-17 -6.44454939e-18  5.44886207e-01]]

      [[-9.48579143e-15 -5.44886207e-01  1.26310104e-17]
       [ 9.48566104e-15  5.44886207e-01 -1.28353787e-17]]]]]]





  [[[[[[ 1.55879243e-16  6.47027954e-17 -5.44886207e-01]
       [-1.55879243e-16 -6.47025941e-17  5.44886207e-01]]

      [[ 6.47042755e-17  4.25512721e-17  2.43921852e-13]
       [-6.47036340e-17 -4.25333972e-17  3.62332579e-14]]

      [[-5.44886207e-01  1.13489728e-13  1.30999992e-16]
       [ 5.44886207e-01 -1.13489748e-13 -1.30999944e-16]]]


     [[[-1.55879243e-16 -6.47015441e-17  5.44886207e-01]
       [ 1.55879243e-16  6.47029520e-17 -5.44886207e-01]]

      [[-6.47077750e-17 -4.25339912e-17 -2.43966765e-13]
       [ 6.46923871e-17  4.25170071e-17 -3.61883055e-14]]

      [[ 5.44886207e-01  9.40159432e-15 -1.30999897e-16]
       [-5.44886207e-01 -9.40155030e-15  1.30999768e-16]]]]



    [[[[ 6.47122313e-17  4.25369299e-17  2.43877796e-13]
       [-6.46992064e-17 -4.25227275e-17  3.62773134e-14]]

      [[ 4.25453170e-17  6.44457971e-18 -5.44886207e-01]
       [-4.25533591e-17 -6.44457939e-18  5.44886207e-01]]

      [[ 1.13378588e-13 -5.44886207e-01  1.34458308e-17]
       [-1.13378616e-13  5.44886207e-01 -1.34457813e-17]]]


     [[[-6.46984762e-17 -4.25430763e-17 -2.43944345e-13]
       [ 6.46907114e-17  4.25419600e-17 -3.62107723e-14]]

      [[-4.25335056e-17 -6.44457955e-18  5.44886207e-01]
       [ 4.25244777e-17  6.44457923e-18 -5.44886207e-01]]

      [[ 9.48575679e-15  5.44886207e-01 -1.34457511e-17]
       [-9.48563589e-15 -5.44886207e-01  1.34457161e-17]]]]



    [[[[-5.44886207e-01 -7.93025121e-17  1.30999887e-16]
       [ 5.44886207e-01  7.91140892e-17 -1.30999597e-16]]

      [[-7.93013578e-17 -5.44886207e-01  1.34457707e-17]
       [ 7.93197923e-17  5.44886207e-01 -1.34457987e-17]]

      [[ 1.30999907e-16  1.34457592e-17  2.08828296e+00]
       [-1.30999977e-16 -1.34457136e-17 -2.08828296e+00]]]


     [[[ 5.44886207e-01  7.93454974e-17 -1.30999814e-16]
       [-5.44886207e-01 -7.91678992e-17  1.30999899e-16]]

      [[ 7.92977608e-17  5.44886207e-01 -1.34457424e-17]
       [-7.91963011e-17 -5.44886207e-01  1.34457286e-17]]

      [[-1.30999860e-16 -1.34456933e-17 -2.08828296e+00]
       [ 1.30999927e-16  1.34457320e-17  2.08828296e+00]]]]]




   [[[[[-1.55879243e-16 -6.47029111e-17  5.44886207e-01]
       [ 1.55879243e-16  6.47025628e-17 -5.44886207e-01]]

      [[-6.47043285e-17 -4.25512334e-17 -2.43921852e-13]
       [ 6.47036998e-17  4.25334338e-17 -3.62332579e-14]]

      [[ 5.44886207e-01 -1.13489728e-13 -1.30999542e-16]
       [-5.44886207e-01  1.13489748e-13  1.30999581e-16]]]


     [[[ 1.55879243e-16  6.47016304e-17 -5.44886207e-01]
       [-1.55879243e-16 -6.47030218e-17  5.44886207e-01]]

      [[ 6.47077995e-17  4.25340060e-17  2.43966765e-13]
       [-6.46924542e-17 -4.25170109e-17  3.61883055e-14]]

      [[-5.44886207e-01 -9.40159437e-15  1.30999645e-16]
       [ 5.44886207e-01  9.40155032e-15 -1.30999463e-16]]]]



    [[[[-6.47124441e-17 -4.25369987e-17 -2.43877796e-13]
       [ 6.46995206e-17  4.25227597e-17 -3.62773132e-14]]

      [[-4.25453860e-17 -6.44457970e-18  5.44886207e-01]
       [ 4.25533938e-17  6.44457939e-18 -5.44886207e-01]]

      [[-1.13378588e-13  5.44886207e-01 -1.34458404e-17]
       [ 1.13378616e-13 -5.44886207e-01  1.34458239e-17]]]


     [[[ 6.46986903e-17  4.25431286e-17  2.43944345e-13]
       [-6.46907448e-17 -4.25419934e-17  3.62107721e-14]]

      [[ 4.25335336e-17  6.44457956e-18 -5.44886207e-01]
       [-4.25245011e-17 -6.44457922e-18  5.44886207e-01]]

      [[-9.48575666e-15 -5.44886207e-01  1.34458286e-17]
       [ 9.48563579e-15  5.44886207e-01 -1.34457603e-17]]]]



    [[[[ 5.44886207e-01  7.93026535e-17 -1.30999907e-16]
       [-5.44886207e-01 -7.91141277e-17  1.30999639e-16]]

      [[ 7.93014852e-17  5.44886207e-01 -1.34457771e-17]
       [-7.93199180e-17 -5.44886207e-01  1.34457849e-17]]

      [[-1.31000109e-16 -1.34457887e-17 -2.08828296e+00]
       [ 1.30999932e-16  1.34457507e-17  2.08828296e+00]]]


     [[[-5.44886207e-01 -7.93456597e-17  1.31000154e-16]
       [ 5.44886207e-01  7.91681393e-17 -1.30999939e-16]]

      [[-7.92978844e-17 -5.44886207e-01  1.34457625e-17]
       [ 7.91966164e-17  5.44886207e-01 -1.34457418e-17]]

      [[ 1.30999824e-16  1.34457329e-17  2.08828296e+00]
       [-1.30999681e-16 -1.34457155e-17 -2.08828296e+00]]]]]]]






 [[[[[[[-1.85810442e-01  1.41827961e-13 -1.55878954e-16]
       [ 1.85810442e-01 -1.14120270e-13  1.55878586e-16]]

      [[-3.58781240e-14 -6.19368140e-02 -6.47043866e-17]
       [-8.84206120e-14  6.19368140e-02  6.47049109e-17]]

      [[-1.55047960e-16 -6.48293894e-17  5.44886207e-01]
       [ 1.54467490e-16  6.47744726e-17 -5.44886207e-01]]]


     [[[ 1.85810442e-01 -2.79414308e-13  1.55879082e-16]
       [-1.85810442e-01 -2.72018137e-13 -1.55878707e-16]]

      [[ 4.07297389e-14  6.19368140e-02  6.47044642e-17]
       [ 3.04488909e-14 -6.19368140e-02 -6.47042809e-17]]

      [[ 1.55888991e-16  6.51531701e-17 -5.44886207e-01]
       [-1.55799546e-16 -6.50075461e-17  5.44886207e-01]]]]



    [[[[-1.02347072e-13 -6.19368184e-02 -6.20282704e-17]
       [-1.24608002e-13  6.19368061e-02  7.36001170e-17]]

      [[-6.19368095e-02  2.55843894e-13 -4.87977189e-17]
       [ 6.19368449e-02 -1.70247587e-13  1.21912280e-17]]

      [[-4.16508574e-14  4.46908432e-16 -9.75995946e-13]
       [ 7.07240273e-14  1.10594363e-14  1.75964207e-13]]]


     [[[-1.60979875e-13  6.19368751e-02  6.77634132e-17]
       [ 2.64655118e-13 -6.19367840e-02 -6.85516768e-17]]

      [[ 6.19368126e-02 -2.39925410e-13  3.25933524e-17]
       [-6.19368079e-02  2.07828840e-13 -5.98450053e-17]]

      [[ 1.60688722e-14 -3.38819440e-14  5.09993956e-13]
       [-5.83968010e-14  8.15853150e-15  1.38634076e-14]]]]



    [[[[-1.55878855e-16 -6.47028802e-17  5.44886207e-01]
       [ 1.55878691e-16  6.47027225e-17 -5.44886207e-01]]

      [[-6.47045613e-17 -4.25507930e-17 -2.43921769e-13]
       [ 6.47034252e-17  4.25331662e-17 -3.62332857e-14]]

      [[ 5.44886207e-01 -1.13489707e-13 -1.30776190e-16]
       [-5.44886207e-01  1.13489669e-13  1.28645772e-16]]]


     [[[ 1.55878945e-16  6.47014725e-17 -5.44886207e-01]
       [-1.55878767e-16 -6.47029670e-17  5.44886207e-01]]

      [[ 6.47080173e-17  4.25336267e-17  2.43966696e-13]
       [-6.46924250e-17 -4.25166628e-17  3.61883270e-14]]

      [[-5.44886207e-01 -9.40166339e-15  1.30655740e-16]
       [ 5.44886207e-01  9.40156973e-15 -1.30215858e-16]]]]]




   [[[[[ 1.85810442e-01 -1.41827961e-13  1.55879087e-16]
       [-1.85810442e-01  1.14120270e-13 -1.55878471e-16]]

      [[ 3.58781237e-14  6.19368140e-02  6.47043782e-17]
       [ 8.84206122e-14 -6.19368140e-02 -6.47048567e-17]]

      [[ 1.55048086e-16  6.48293247e-17 -5.44886207e-01]
       [-1.54467315e-16 -6.47745709e-17  5.44886207e-01]]]


     [[[-1.85810442e-01  2.79414308e-13 -1.55879147e-16]
       [ 1.85810442e-01  2.72018137e-13  1.55878917e-16]]

      [[-4.07297391e-14 -6.19368140e-02 -6.47046473e-17]
       [-3.04488909e-14  6.19368140e-02  6.47041697e-17]]

      [[-1.55888621e-16 -6.51531917e-17  5.44886207e-01]
       [ 1.55799122e-16  6.50072927e-17 -5.44886207e-01]]]]



    [[[[ 1.02347072e-13  6.19368184e-02  6.20287459e-17]
       [ 1.24608001e-13 -6.19368061e-02 -7.36000617e-17]]

      [[ 6.19368095e-02 -2.55843895e-13  4.87981872e-17]
       [-6.19368449e-02  1.70247587e-13 -1.21912131e-17]]

      [[ 4.16508579e-14 -4.46908350e-16  9.75996072e-13]
       [-7.07240275e-14 -1.10594363e-14 -1.75964253e-13]]]


     [[[ 1.60979875e-13 -6.19368751e-02 -6.77637440e-17]
       [-2.64655119e-13  6.19367840e-02  6.85517829e-17]]

      [[-6.19368126e-02  2.39925410e-13 -3.25933439e-17]
       [ 6.19368079e-02 -2.07828841e-13  5.98450811e-17]]

      [[-1.60688726e-14  3.38819443e-14 -5.09993933e-13]
       [ 5.83968010e-14 -8.15853136e-15 -1.38633955e-14]]]]



    [[[[ 1.55878847e-16  6.47027431e-17 -5.44886207e-01]
       [-1.55878784e-16 -6.47026071e-17  5.44886207e-01]]

      [[ 6.47042281e-17  4.25509991e-17  2.43921854e-13]
       [-6.47035861e-17 -4.25334861e-17  3.62332827e-14]]

      [[-5.44886207e-01  1.13489739e-13  1.31091433e-16]
       [ 5.44886207e-01 -1.13489747e-13 -1.31603637e-16]]]


     [[[-1.55878843e-16 -6.47016392e-17  5.44886207e-01]
       [ 1.55878963e-16  6.47028668e-17 -5.44886207e-01]]

      [[-6.47077606e-17 -4.25336758e-17 -2.43966794e-13]
       [ 6.46923551e-17  4.25171359e-17 -3.61883135e-14]]

      [[ 5.44886207e-01  9.40161452e-15 -1.29235677e-16]
       [-5.44886207e-01 -9.40156077e-15  1.34011393e-16]]]]]]





  [[[[[[-1.02347072e-13 -6.19368184e-02 -6.20278423e-17]
       [-1.24608001e-13  6.19368061e-02  7.35998435e-17]]

      [[-6.19368095e-02  2.55843894e-13 -4.87981565e-17]
       [ 6.19368449e-02 -1.70247587e-13  1.21913928e-17]]

      [[-4.16508574e-14  4.46908357e-16 -9.75995859e-13]
       [ 7.07240271e-14  1.10594367e-14  1.75964189e-13]]]


     [[[-1.60979875e-13  6.19368751e-02  6.77633680e-17]
       [ 2.64655118e-13 -6.19367840e-02 -6.85515338e-17]]

      [[ 6.19368126e-02 -2.39925410e-13  3.25939115e-17]
       [-6.19368079e-02  2.07828841e-13 -5.98454105e-17]]

      [[ 1.60688722e-14 -3.38819439e-14  5.09993743e-13]
       [-5.83968009e-14  8.15853119e-15  1.38634223e-14]]]]



    [[[[-6.19368140e-02 -1.41610576e-13 -4.25388128e-17]
       [ 6.19368140e-02  1.13728737e-13  4.25389587e-17]]

      [[ 3.53504842e-14 -1.85810442e-01 -6.44465941e-18]
       [ 8.95547227e-14  1.85810442e-01  6.44412382e-18]]

      [[-4.33691410e-17 -6.32019638e-18  5.44886207e-01]
       [ 4.39467095e-17  6.37510743e-18 -5.44886207e-01]]]


     [[[ 6.19368140e-02  2.79646432e-13  4.25387974e-17]
       [-6.19368140e-02  2.71233117e-13 -4.25388783e-17]]

      [[-4.01492373e-14  1.85810442e-01  6.44440888e-18]
       [-3.02570326e-14 -1.85810442e-01 -6.44480736e-18]]

      [[ 4.25288493e-17  5.99724281e-18 -5.44886207e-01]
       [-4.26180786e-17 -6.14275102e-18  5.44886207e-01]]]]



    [[[[-6.47126915e-17 -4.25369594e-17 -2.43877830e-13]
       [ 6.46999273e-17  4.25227120e-17 -3.62773368e-14]]

      [[-4.25453233e-17 -6.44459425e-18  5.44886207e-01]
       [ 4.25533906e-17  6.44460113e-18 -5.44886207e-01]]

      [[-1.13378589e-13  5.44886207e-01 -1.33457466e-17]
       [ 1.13378676e-13 -5.44886207e-01  1.28644178e-17]]]


     [[[ 6.46992220e-17  4.25430877e-17  2.43944356e-13]
       [-6.46906652e-17 -4.25419206e-17  3.62107990e-14]]

      [[ 4.25334624e-17  6.44456122e-18 -5.44886207e-01]
       [-4.25244301e-17 -6.44455855e-18  5.44886207e-01]]

      [[-9.48577328e-15 -5.44886207e-01  1.26712250e-17]
       [ 9.48566009e-15  5.44886207e-01 -1.24050515e-17]]]]]




   [[[[[ 1.02347071e-13  6.19368184e-02  6.20283534e-17]
       [ 1.24608002e-13 -6.19368061e-02 -7.35993816e-17]]

      [[ 6.19368095e-02 -2.55843895e-13  4.87981985e-17]
       [-6.19368449e-02  1.70247587e-13 -1.21913822e-17]]

      [[ 4.16508576e-14 -4.46908357e-16  9.75995962e-13]
       [-7.07240275e-14 -1.10594365e-14 -1.75964204e-13]]]


     [[[ 1.60979875e-13 -6.19368751e-02 -6.77633003e-17]
       [-2.64655118e-13  6.19367840e-02  6.85515278e-17]]

      [[-6.19368126e-02  2.39925411e-13 -3.25938093e-17]
       [ 6.19368079e-02 -2.07828841e-13  5.98454823e-17]]

      [[-1.60688716e-14  3.38819441e-14 -5.09993983e-13]
       [ 5.83968007e-14 -8.15853122e-15 -1.38634180e-14]]]]



    [[[[ 6.19368140e-02  1.41610575e-13  4.25388440e-17]
       [-6.19368140e-02 -1.13728737e-13 -4.25389087e-17]]

      [[-3.53504845e-14  1.85810442e-01  6.44469474e-18]
       [-8.95547223e-14 -1.85810442e-01 -6.44406238e-18]]

      [[ 4.33691149e-17  6.32020134e-18 -5.44886207e-01]
       [-4.39466762e-17 -6.37506885e-18  5.44886207e-01]]]


     [[[-6.19368140e-02 -2.79646433e-13 -4.25388199e-17]
       [ 6.19368140e-02 -2.71233117e-13  4.25387195e-17]]

      [[ 4.01492372e-14 -1.85810442e-01 -6.44438966e-18]
       [ 3.02570323e-14  1.85810442e-01  6.44482383e-18]]

      [[-4.25287407e-17 -5.99726776e-18  5.44886207e-01]
       [ 4.26179796e-17  6.14274918e-18 -5.44886207e-01]]]]



    [[[[ 6.47119840e-17  4.25370423e-17  2.43877807e-13]
       [-6.46993163e-17 -4.25227203e-17  3.62773579e-14]]

      [[ 4.25453530e-17  6.44459195e-18 -5.44886207e-01]
       [-4.25533452e-17 -6.44454366e-18  5.44886207e-01]]

      [[ 1.13378560e-13 -5.44886207e-01  1.31972354e-17]
       [-1.13378631e-13  5.44886207e-01 -1.32637820e-17]]]


     [[[-6.46985101e-17 -4.25430484e-17 -2.43944334e-13]
       [ 6.46904903e-17  4.25419017e-17 -3.62108191e-14]]

      [[-4.25335328e-17 -6.44455504e-18  5.44886207e-01]
       [ 4.25244286e-17  6.44457088e-18 -5.44886207e-01]]

      [[ 9.48580284e-15  5.44886207e-01 -1.29030512e-17]
       [-9.48568731e-15 -5.44886207e-01  1.28177232e-17]]]]]]





  [[[[[[-1.55879243e-16 -6.47027382e-17  5.44886207e-01]
       [ 1.55879243e-16  6.47026671e-17 -5.44886207e-01]]

      [[-6.47042676e-17 -4.25512862e-17 -2.43921852e-13]
       [ 6.47036158e-17  4.25334174e-17 -3.62332579e-14]]

      [[ 5.44886207e-01 -1.13489728e-13 -1.31000127e-16]
       [-5.44886207e-01  1.13489748e-13  1.30999828e-16]]]


     [[[ 1.55879243e-16  6.47015638e-17 -5.44886207e-01]
       [-1.55879243e-16 -6.47029526e-17  5.44886207e-01]]

      [[ 6.47078196e-17  4.25340094e-17  2.43966765e-13]
       [-6.46923181e-17 -4.25170393e-17  3.61883055e-14]]

      [[-5.44886207e-01 -9.40159431e-15  1.30999836e-16]
       [ 5.44886207e-01  9.40155031e-15 -1.30999679e-16]]]]



    [[[[-6.47123264e-17 -4.25369575e-17 -2.43877796e-13]
       [ 6.46992122e-17  4.25227261e-17 -3.62773134e-14]]

      [[-4.25453259e-17 -6.44457970e-18  5.44886207e-01]
       [ 4.25533699e-17  6.44457939e-18 -5.44886207e-01]]

      [[-1.13378588e-13  5.44886207e-01 -1.34458205e-17]
       [ 1.13378616e-13 -5.44886207e-01  1.34457567e-17]]]


     [[[ 6.46984439e-17  4.25430891e-17  2.43944345e-13]
       [-6.46905201e-17 -4.25419405e-17  3.62107723e-14]]

      [[ 4.25335081e-17  6.44457956e-18 -5.44886207e-01]
       [-4.25244445e-17 -6.44457922e-18  5.44886207e-01]]

      [[-9.48575693e-15 -5.44886207e-01  1.34457245e-17]
       [ 9.48563582e-15  5.44886207e-01 -1.34457155e-17]]]]



    [[[[ 5.44886207e-01  7.93025314e-17 -1.30999713e-16]
       [-5.44886207e-01 -7.91141937e-17  1.30999730e-16]]

      [[ 7.93013869e-17  5.44886207e-01 -1.34457830e-17]
       [-7.93197383e-17 -5.44886207e-01  1.34457754e-17]]

      [[-1.30999782e-16 -1.34457611e-17 -2.08828296e+00]
       [ 1.30999864e-16  1.34457288e-17  2.08828296e+00]]]


     [[[-5.44886207e-01 -7.93454886e-17  1.30999900e-16]
       [ 5.44886207e-01  7.91678892e-17 -1.30999784e-16]]

      [[-7.92979104e-17 -5.44886207e-01  1.34457443e-17]
       [ 7.91964882e-17  5.44886207e-01 -1.34457341e-17]]

      [[ 1.30999778e-16  1.34456987e-17  2.08828296e+00]
       [-1.30999803e-16 -1.34457456e-17 -2.08828296e+00]]]]]




   [[[[[ 1.55879243e-16  6.47028819e-17 -5.44886207e-01]
       [-1.55879243e-16 -6.47025836e-17  5.44886207e-01]]

      [[ 6.47043407e-17  4.25512527e-17  2.43921852e-13]
       [-6.47036271e-17 -4.25334054e-17  3.62332579e-14]]

      [[-5.44886207e-01  1.13489728e-13  1.30999561e-16]
       [ 5.44886207e-01 -1.13489748e-13 -1.30999600e-16]]]


     [[[-1.55879243e-16 -6.47015156e-17  5.44886207e-01]
       [ 1.55879243e-16  6.47029394e-17 -5.44886207e-01]]

      [[-6.47077859e-17 -4.25339726e-17 -2.43966765e-13]
       [ 6.46923111e-17  4.25170308e-17 -3.61883056e-14]]

      [[ 5.44886207e-01  9.40159447e-15 -1.30999572e-16]
       [-5.44886207e-01 -9.40155042e-15  1.30999455e-16]]]]



    [[[[ 6.47124232e-17  4.25369953e-17  2.43877796e-13]
       [-6.46996322e-17 -4.25227709e-17  3.62773132e-14]]

      [[ 4.25453731e-17  6.44457971e-18 -5.44886207e-01]
       [-4.25533513e-17 -6.44457939e-18  5.44886207e-01]]

      [[ 1.13378588e-13 -5.44886207e-01  1.34458394e-17]
       [-1.13378616e-13  5.44886207e-01 -1.34458543e-17]]]


     [[[-6.46986572e-17 -4.25430920e-17 -2.43944345e-13]
       [ 6.46907761e-17  4.25419852e-17 -3.62107722e-14]]

      [[-4.25335438e-17 -6.44457955e-18  5.44886207e-01]
       [ 4.25244981e-17  6.44457923e-18 -5.44886207e-01]]

      [[ 9.48575679e-15  5.44886207e-01 -1.34458030e-17]
       [-9.48563582e-15 -5.44886207e-01  1.34457533e-17]]]]



    [[[[-5.44886207e-01 -7.93026093e-17  1.30999819e-16]
       [ 5.44886207e-01  7.91140291e-17 -1.30999794e-16]]

      [[-7.93014306e-17 -5.44886207e-01  1.34457647e-17]
       [ 7.93198471e-17  5.44886207e-01 -1.34457888e-17]]

      [[ 1.31000100e-16  1.34457899e-17  2.08828296e+00]
       [-1.30999946e-16 -1.34457339e-17 -2.08828296e+00]]]


     [[[ 5.44886207e-01  7.93454963e-17 -1.31000010e-16]
       [-5.44886207e-01 -7.91682299e-17  1.30999959e-16]]

      [[ 7.92979325e-17  5.44886207e-01 -1.34457462e-17]
       [-7.91967265e-17 -5.44886207e-01  1.34457911e-17]]

      [[-1.30999849e-16 -1.34457278e-17 -2.08828296e+00]
       [ 1.30999835e-16  1.34457451e-17  2.08828296e+00]]]]]]]]

