
[[[[[[ 0.          0.         -0.12091893]
     [ 0.          0.          0.12091893]]

    [[ 0.          0.          0.        ]
     [ 0.          0.          0.        ]]

    [[-0.12091893  0.          0.        ]
     [ 0.12091893  0.          0.        ]]]


   [[[ 0.          0.          0.12091893]
     [ 0.          0.         -0.12091893]]

    [[ 0.          0.          0.        ]
     [ 0.          0.          0.        ]]

    [[ 0.12091893  0.          0.        ]
     [-0.12091893  0.          0.        ]]]]



  [[[[ 0.          0.          0.        ]
     [ 0.          0.          0.        ]]

    [[ 0.          0.         -0.12091893]
     [ 0.          0.          0.12091893]]

    [[ 0.         -0.12091893  0.        ]
     [ 0.          0.12091893  0.        ]]]


   [[[ 0.          0.          0.        ]
     [ 0.          0.          0.        ]]

    [[ 0.          0.          0.12091893]
     [ 0.          0.         -0.12091893]]

    [[ 0.          0.12091893  0.        ]
     [ 0.         -0.12091893  0.        ]]]]



  [[[[-0.12091893  0.          0.        ]
     [ 0.12091893  0.          0.        ]]

    [[ 0.         -0.12091893  0.        ]
     [ 0.          0.12091893  0.        ]]

    [[ 0.          0.          0.80129239]
     [ 0.          0.         -0.80129239]]]


   [[[ 0.12091893  0.          0.        ]
     [-0.12091893  0.          0.        ]]

    [[ 0.          0.12091893  0.        ]
     [ 0.         -0.12091893  0.        ]]

    [[ 0.          0.         -0.80129239]
     [ 0.          0.          0.80129239]]]]]




 [[[[[ 0.          0.          0.12091893]
     [ 0.          0.         -0.12091893]]

    [[ 0.          0.          0.        ]
     [ 0.          0.          0.        ]]

    [[ 0.12091893  0.          0.        ]
     [-0.12091893  0.          0.        ]]]


   [[[ 0.          0.         -0.12091893]
     [ 0.          0.          0.12091893]]

    [[ 0.          0.          0.        ]
     [ 0.          0.          0.        ]]

    [[-0.12091893  0.          0.        ]
     [ 0.12091893  0.          0.        ]]]]



  [[[[ 0.          0.          0.        ]
     [ 0.          0.          0.        ]]

    [[ 0.          0.          0.12091893]
     [ 0.          0.         -0.12091893]]

    [[ 0.          0.12091893  0.        ]
     [ 0.         -0.12091893  0.        ]]]


   [[[ 0.          0.          0.        ]
     [ 0.          0.          0.        ]]

    [[ 0.          0.         -0.12091893]
     [ 0.          0.          0.12091893]]

    [[ 0.         -0.12091893  0.        ]
     [ 0.          0.12091893  0.        ]]]]



  [[[[ 0.12091893  0.          0.        ]
     [-0.12091893  0.          0.        ]]

    [[ 0.          0.12091893  0.        ]
     [ 0.         -0.12091893  0.        ]]

    [[ 0.          0.         -0.80129239]
     [ 0.          0.          0.80129239]]]


   [[[-0.12091893  0.          0.        ]
     [ 0.12091893  0.          0.        ]]

    [[ 0.         -0.12091893  0.        ]
     [ 0.          0.12091893  0.        ]]

    [[ 0.          0.          0.80129239]
     [ 0.          0.         -0.80129239]]]]]]

